# Modulated Signal (Miller + FSK)
1.000000000000000000e+00
9.976125063612252264e-01
9.904614256966511876e-01
9.785809043254720674e-01
9.620276715860859307e-01
9.408807689542254549e-01
9.152411726209175313e-01
8.852313113324552507e-01
8.509944817946919482e-01
8.126941644330940573e-01
7.705132427757892533e-01
7.246531301870466901e-01
6.753328081210244749e-01
6.227877804881126744e-01
5.672689491267566275e-01
5.090414157503714288e-01
4.483832160900324548e-01
3.855839922773965922e-01
3.209436098072098731e-01
2.547707256833823819e-01
1.873813145857247398e-01
1.190971600948699111e-01
5.024431817976982018e-02
-1.884843971540783175e-02
-8.785119655074297151e-02
-1.564344650402308134e-01
-2.242707609493808096e-01
-2.910361668282716030e-01
-3.564118787132504185e-01
-4.200857284118059143e-01
-4.817536741017150459e-01
-5.411212521268757847e-01
-5.979049830575184910e-01
-6.518337253008785748e-01
-7.026499697988490833e-01
-7.501110696304595926e-01
-7.939903986478348275e-01
-8.340784336131707999e-01
-8.701837546695254666e-01
-9.021339593682027314e-01
-9.297764858882513472e-01
-9.529793415172186366e-01
-9.716317329146738624e-01
-9.856445951489979374e-01
-9.949510169813000626e-01
-9.995065603657316000e-01
-9.992894726405893158e-01
-9.943007903969989236e-01
-9.845643345292054427e-01
-9.701265964901059080e-01
-9.510565162951536422e-01
-9.274451533346615983e-01
-8.994052515663714109e-01
-8.670707011644903650e-01
-8.305958991958128923e-01
-7.901550123756905242e-01
-7.459411454241825501e-01
-6.981654189934730637e-01
-6.470559615694448929e-01
-5.928568201610597832e-01
-5.358267949789971007e-01
-4.762382036679394526e-01
-4.143755809932843648e-01
-3.505343201912599072e-01
-2.850192624699769417e-01
-2.181432413965432304e-01
-1.502255891207576188e-01
-8.159061156815798632e-02
-1.256603988335289711e-02
5.651853448202437402e-02
1.253332335643042306e-01
1.935494680508595133e-01
2.608415062898954973e-01
3.268880296549411812e-01
3.913736668372012617e-01
4.539904997395458053e-01
5.144395337815056424e-01
5.724321255945902243e-01
6.276913612906999118e-01
6.799533787224187886e-01
7.289686274214112194e-01
7.745030601987337171e-01
8.163392507171833845e-01
8.542774316992947092e-01
8.881364488135441437e-01
9.177546256839809180e-01
9.429905358928640791e-01
9.637236782900093779e-01
9.798550523842466387e-01
9.913076310695064786e-01
9.980267284282715590e-01
9.999802608561371153e-01
9.971589002606140451e-01
9.895761186026511558e-01
9.772681235681937029e-01
9.602936856769432872e-01
9.387338576538744039e-01
9.126915874035030907e-01
8.822912264349535016e-01
8.476779360850834610e-01
8.090169943749473402e-01
8.409445822981689300e-01
8.701837546695255776e-01
8.966410367852357677e-01
9.202318473658702702e-01
9.408807689542254549e-01
9.585217890173758359e-01
9.730985109821265189e-01
9.845643345292054427e-01
9.928826045698136982e-01
9.980267284282715590e-01
9.999802608561371153e-01
9.987369566060174675e-01
9.943007903969989236e-01
9.866859442078680376e-01
9.759167619387473236e-01
9.620276715860858197e-01
9.450630751798047013e-01
9.250772068344582655e-01
9.021339593682030644e-01
8.763066800438638060e-01
8.476779360850834610e-01
8.163392507171841617e-01
7.823908105765883247e-01
7.459411454241823280e-01
7.071067811865476838e-01
6.660118674342517808e-01
6.227877804881126744e-01
5.775727034222677414e-01
5.305111843067341626e-01
4.817536741017153790e-01
4.314560456809590216e-01
3.797790955218011688e-01
3.268880296549424580e-01
2.729519355173252171e-01
2.181432413965425088e-01
1.626371651948835262e-01
1.066111542752597868e-01
5.024431817976939690e-02
-6.283143965559141904e-03
-6.279051952931359593e-02
-1.190971600948682318e-01
-1.750230589752754529e-01
-2.303894266765900423e-01
-2.850192624699756094e-01
-3.387379202452909244e-01
-3.913736668372019833e-01
-4.427582310389011622e-01
-4.927273415482912311e-01
-5.411212521268755626e-01
-5.877852522924749135e-01
-5.305111843067350508e-01
-4.707039321653342379e-01
-4.086490747363498710e-01
-3.446429231745185562e-01
-2.789911060392315512e-01
-2.120071099220559585e-01
-1.440107825522542462e-01
-7.532680552793379058e-02
-6.283143965560764738e-03
6.279051952931259672e-02
1.315643590922809802e-01
1.997099805144065265e-01
2.669019893203743443e-01
3.328195445229847338e-01
3.971478906347797322e-01
4.595798606214863136e-01
5.198173426207088887e-01
5.775727034222664091e-01
6.325701619131240960e-01
6.845471059286878379e-01
7.332553462225599450e-01
7.784623015670217860e-01
8.199521093254503734e-01
8.575266561936509824e-01
8.910065241883664555e-01
9.202318473658694931e-01
9.450630751798039242e-01
9.653816388332734366e-01
9.810905174433335318e-01
9.921147013144776539e-01
9.984015501089749112e-01
9.999210442038161117e-01
9.966659280340300908e-01
9.886517447379143952e-01
9.759167619387477677e-01
9.585217890173766131e-01
9.365498867481928391e-01
9.101059706849965458e-01
8.793163101905567824e-01
8.443279255020160745e-01
8.053078857111224398e-01
7.624425110114488868e-01
7.159364830218328812e-01
6.660118674342526690e-01
6.129070536529781510e-01
5.568756164881889514e-01
4.981851053394924511e-01
4.371157666509336570e-01
3.739592057378018919e-01
3.090169943749470072e-01
3.622753667045452985e-01
4.143755809932838097e-01
4.651510780774580356e-01
5.144395337815061975e-01
5.620833778521303614e-01
6.079302976946051595e-01
6.518337253008785748e-01
6.936533058128048213e-01
7.332553462225599450e-01
7.705132427757891422e-01
8.053078857111218847e-01
8.375280400421416527e-01
8.670707011644900319e-01
8.938414241512637748e-01
9.177546256839811400e-01
9.387338576538740709e-01
9.567120515588305452e-01
9.716317329146739734e-01
9.834452049953297248e-01
9.921147013144778759e-01
9.976125063612252264e-01
9.999210442038161117e-01
9.990329346781247066e-01
9.949510169813001736e-01
9.876883405951376593e-01
9.772681235681933698e-01
9.637236782900095999e-01
9.470983049947441224e-01
9.274451533346611543e-01
9.048270524660192438e-01
8.793163101905560053e-01
8.509944817946915041e-01
8.199521093254519277e-01
7.862884321366184759e-01
7.501110696304602588e-01
7.115356772092860105e-01
6.706855765367207844e-01
6.276913612907012441e-01
5.826904796685767884e-01
5.358267949789973228e-01
4.872501257253330498e-01
4.371157666509336570e-01
3.855839922773972583e-01
3.328195445229873428e-01
2.789911060392299413e-01
2.242707609493818643e-01
1.688334447127345095e-01
1.128563848734823044e-01
5.651853448202510954e-02
-2.449912578931294568e-15
6.906002571440260362e-02
1.377902906846341646e-01
2.058626087698802176e-01
2.729519355173233852e-01
3.387379202452888705e-01
4.029064357136595831e-01
4.651510780774578135e-01
5.251746299612946034e-01
5.826904796685743460e-01
6.374239897486875250e-01
6.891138083873459275e-01
7.375131173581733757e-01
7.823908105765872145e-01
8.235325976284261218e-01
8.607420270039420895e-01
8.938414241512636638e-01
9.226727398701144445e-01
9.470983049947436783e-01
9.670014877624344418e-01
9.822872507286887211e-01
9.928826045698135871e-01
9.987369566060174675e-01
9.998223523808090762e-01
9.961336091431727269e-01
9.876883405951376593e-01
9.745268727865772362e-01
9.567120515588308782e-01
9.343289424566127988e-01
9.074844245411166632e-01
8.763066800438635839e-01
8.409445822981694851e-01
8.015669848708796286e-01
7.583619152887256520e-01
7.115356772092874538e-01
6.613118653236547129e-01
6.079302976946090453e-01
5.516458706284346203e-01
4.927273415482968377e-01
4.314560456809619082e-01
3.681245526846816385e-01
3.030352696327784923e-01
2.364989970237300065e-01
1.688334447127365079e-01
1.003617148512182949e-01
3.141075907813246221e-02
-3.769018266992962135e-02
-1.066111542752578162e-01
-1.750230589752732324e-01
-2.425992307954039362e-01
-3.090169943749432879e-01
-3.739592057377956746e-01
-4.371157666509308259e-01
-4.981851053394881768e-01
-5.568756164881848436e-01
-6.129070536529729329e-01
-6.660118674342503375e-01
-7.159364830218294395e-01
-7.624425110114457782e-01
-8.053078857111195532e-01
-8.443279255020125218e-01
-8.793163101905553392e-01
-9.101059706849945474e-01
-9.365498867481911738e-01
-9.585217890173747257e-01
-9.759167619387471015e-01
-9.886517447379137291e-01
-9.966659280340296467e-01
-9.999210442038161117e-01
-9.984015501089752442e-01
-9.921147013144779869e-01
-9.810905174433345310e-01
-9.653816388332746579e-01
-9.450630751798060336e-01
-9.202318473658707143e-01
-8.910065241883686760e-01
-8.575266561936535359e-01
-8.199521093254541482e-01
-7.784623015670258939e-01
-7.332553462225608332e-01
-6.845471059286900584e-01
-6.325701619131265385e-01
-5.775727034222704059e-01
-5.198173426207099990e-01
-4.595798606214890891e-01
-3.971478906347825633e-01
-3.328195445229893967e-01
-2.669019893203756766e-01
-1.997099805144078311e-01
-1.315643590922840889e-01
-6.279051952931570535e-02
6.283143965555865011e-03
7.532680552793244444e-02
1.440107825522511376e-01
2.120071099220494359e-01
2.789911060392233910e-01
3.446429231745106736e-01
4.086490747363453746e-01
4.707039321653283537e-01
5.305111843067293886e-01
5.877852522924680301e-01
6.422526531765817559e-01
6.936533058128019347e-01
7.417417727387358717e-01
7.862884321366153673e-01
8.270805742745581668e-01
8.639234171928334982e-01
8.966410367852338803e-01
9.250772068344560450e-01
9.490961449902927116e-01
9.685831611286302989e-01
9.834452049953289476e-01
9.936113105200078399e-01
9.990329346781244846e-01
9.996841892833000509e-01
9.955619646030803294e-01
9.866859442078687037e-01
9.730985109821276291e-01
9.548645447466446168e-01
9.320711124582119478e-01
9.048270524660210201e-01
8.732624548099222617e-01
8.375280400421444282e-01
7.977944395385723197e-01
7.542513807361057587e-01
7.071067811865501263e-01
6.565857557529597432e-01
6.029295416890287918e-01
5.463943467342711191e-01
4.872501257253350482e-01
4.257792915650761567e-01
3.622753667045499615e-01
2.970415815770366397e-01
2.303894266765930676e-01
1.626371651948868569e-01
9.410831331851836346e-02
2.513009544334228462e-02
-4.396811831786290314e-02
-1.128563848734789599e-01
-1.812057636271339200e-01
-2.486898871648506870e-01
-3.149865196553034430e-01
-3.797790955217990594e-01
-4.427582310388988862e-01
-5.036232016357576891e-01
-5.620833778521299173e-01
-6.178596130903331041e-01
-6.706855765367182309e-01
-7.203090248879047142e-01
-7.664930068093473992e-01
-8.090169943749478954e-01
-7.745030601987343832e-01
-7.375131173581744859e-01
-6.981654189934732857e-01
-6.565857557529569677e-01
-6.129070536529770408e-01
-5.672689491267570716e-01
-5.198173426207131076e-01
-4.707039321653331276e-01
-4.200857284118068025e-01
-3.681245526846784744e-01
-3.149865196553052749e-01
-2.608415062898973846e-01
-2.058626087698817719e-01
-1.502255891207574523e-01
-9.410831331851469972e-02
-3.769018266993488797e-02
1.884843971540786298e-02
7.532680552793244444e-02
1.315643590922822570e-01
1.873813145857244067e-01
2.425992307954072391e-01
2.970415815770347523e-01
3.505343201912589080e-01
4.029064357136625807e-01
4.539904997395467490e-01
5.036232016357607977e-01
5.516458706284302904e-01
5.979049830575189350e-01
6.422526531765844204e-01
6.845471059286887261e-01
7.246531301870468011e-01
7.624425110114479986e-01
7.977944395385710985e-01
8.305958991958127813e-01
8.607420270039437549e-01
8.881364488135446988e-01
9.126915874035029796e-01
9.343289424566121326e-01
9.529793415172189697e-01
9.685831611286311871e-01
9.810905174433341980e-01
9.904614256966512986e-01
9.966659280340299798e-01
9.996841892833000509e-01
9.995065603657314890e-01
9.961336091431723938e-01
9.895761186026508227e-01
9.798550523842467497e-01
9.670014877624348859e-01
9.510565162951526430e-01
9.701265964901049088e-01
9.845643345292045545e-01
9.943007903969983685e-01
9.992894726405892047e-01
9.995065603657317110e-01
9.949510169813005067e-01
9.856445951489988255e-01
9.716317329146744175e-01
9.529793415172196358e-01
9.297764858882526795e-01
9.021339593682046187e-01
8.701837546695263548e-01
8.340784336131742416e-01
7.939903986478391573e-01
7.501110696304595926e-01
7.026499697988497495e-01
6.518337253008799070e-01
5.979049830575207114e-01
5.411212521268783382e-01
4.817536741017185431e-01
4.200857284118103552e-01
3.564118787132556365e-01
2.910361668282775982e-01
2.242707609493877485e-01
1.564344650402382797e-01
8.785119655075139533e-02
1.884843971541716803e-02
-5.024431817976691972e-02
-1.190971600948663722e-01
-1.873813145857205764e-01
-2.547707256833774414e-01
-3.209436098072041554e-01
-3.855839922773906525e-01
-4.483832160900259045e-01
-5.090414157503645454e-01
-5.672689491267494111e-01
-6.227877804881106760e-01
-6.753328081210222544e-01
-7.246531301870440256e-01
-7.705132427757863667e-01
-8.126941644330908376e-01
-8.509944817946887285e-01
-8.852313113324520311e-01
-9.152411726209145337e-01
-9.408807689542226793e-01
-9.620276715860853756e-01
-9.785809043254715123e-01
-9.904614256966507435e-01
-9.976125063612248933e-01
-1.000000000000000000e+00
-9.984015501089751332e-01
-9.936113105200085061e-01
-9.856445951489981594e-01
-9.745268727865773473e-01
-9.602936856769432872e-01
-9.429905358928647452e-01
-9.226727398701152216e-01
-8.994052515663714109e-01
-8.732624548099205963e-01
-8.443279255020155194e-01
-8.126941644330943904e-01
-7.784623015670238955e-01
-7.417417727387396464e-01
-7.026499697988496385e-01
-6.613118653236523814e-01
-6.178596130903347694e-01
-5.724321255945913345e-01
-5.251746299612961577e-01
-4.762382036679395081e-01
-4.257792915650730481e-01
-3.739592057378007817e-01
-3.209436098072098176e-01
-2.669019893203758986e-01
-2.120071099220549316e-01
-1.564344650402311465e-01
-1.003617148512151169e-01
-4.396811831786510277e-02
1.256603988335243914e-02
6.906002571440567062e-02
1.253332335643041473e-01
1.812057636271372785e-01
2.364989970237246497e-01
2.910361668282718250e-01
3.446429231745171129e-01
3.971478906347806759e-01
4.483832160900323438e-01
4.981851053394909523e-01
5.463943467342692317e-01
5.928568201610594501e-01
6.374239897486898565e-01
6.799533787224193437e-01
7.203090248879070456e-01
7.583619152887220993e-01
7.939903986478356046e-01
8.270805742745620526e-01
8.575266561936524257e-01
8.852313113324554728e-01
9.101059706849958797e-01
9.320711124582111706e-01
9.510565162951535312e-01
9.274451533346614873e-01
8.994052515663715219e-01
8.670707011644910311e-01
8.305958991958141135e-01
7.901550123756925226e-01
7.459411454241848816e-01
6.981654189934761723e-01
6.470559615694432276e-01
5.928568201610586730e-01
5.358267949789966567e-01
4.762382036679398412e-01
4.143755809932855860e-01
3.505343201912678452e-01
2.850192624699858790e-01
2.181432413965532224e-01
1.502255891207686100e-01
8.159061156816994898e-02
1.256603988335868588e-02
-5.651853448201771268e-02
-1.253332335642967366e-01
-1.935494680508521026e-01
-2.608415062898881698e-01
-3.268880296549331876e-01
-3.913736668371927130e-01
-4.539904997395367015e-01
-5.144395337814960945e-01
-5.724321255945862275e-01
-6.276913612906954709e-01
-6.799533787224139036e-01
-7.289686274214061124e-01
-7.745030601987282770e-01
-8.163392507171784995e-01
-8.542774316992898243e-01
-8.881364488135394808e-01
-9.177546256839764771e-01
-9.429905358928626358e-01
-9.637236782900080456e-01
-9.798550523842455284e-01
-9.913076310695055904e-01
-9.980267284282710039e-01
-9.999802608561372264e-01
-9.971589002606147112e-01
-9.895761186026524880e-01
-9.772681235681943690e-01
-9.602936856769445084e-01
-9.387338576538760693e-01
-9.126915874035054221e-01
-8.822912264349567213e-01
-8.476779360850874578e-01
-8.090169943749525583e-01
-7.664930068093559479e-01
-7.203090248879139290e-01
-6.706855765367228939e-01
-6.178596130903379890e-01
-5.620833778521350244e-01
-5.036232016357661267e-01
-4.427582310389076570e-01
-3.797790955218081632e-01
-3.149865196553127134e-01
-2.486898871648635934e-01
-1.812057636271470484e-01
-1.128563848734851632e-01
-4.396811831786914815e-02
2.513009544333248690e-02
9.410831331850860737e-02
1.626371651948771979e-01
2.303894266765835475e-01
2.970415815770272583e-01
3.622753667045375270e-01
4.257792915650640553e-01
4.872501257253296081e-01
5.463943467342657900e-01
6.029295416890210202e-01
6.565857557529524158e-01
7.071067811865432429e-01
7.542513807360993194e-01
7.977944395385664356e-01
8.375280400421371008e-01
8.732624548099157114e-01
9.048270524660183556e-01
9.320711124582097273e-01
9.548645447466417302e-01
9.730985109821254087e-01
9.866859442078671494e-01
9.955619646030794412e-01
9.996841892832998289e-01
9.990329346781250397e-01
9.936113105200093942e-01
9.834452049953301689e-01
9.685831611286318532e-01
9.490961449902958202e-01
9.250772068344598198e-01
8.966410367852382102e-01
8.639234171928383832e-01
8.270805742745657163e-01
7.862884321366235829e-01
7.417417727387448645e-01
6.936533058128063756e-01
6.422526531765865299e-01
5.877852522924760237e-01
5.305111843067377153e-01
4.707039321653370134e-01
4.086490747363543119e-01
3.446429231745231636e-01
2.789911060392362141e-01
2.120071099220624811e-01
1.440107825522538021e-01
7.532680552793512285e-02
6.283143965562112618e-03
-6.279051952930947422e-02
-1.315643590922778716e-01
-1.997099805144017248e-01
-2.669019893203696259e-01
-3.328195445229801264e-01
-3.971478906347801208e-01
-4.595798606214867021e-01
-5.198173426207077785e-01
-5.775727034222652989e-01
-6.325701619131217646e-01
-6.845471059286855064e-01
-7.332553462225566143e-01
-7.784623015670197876e-01
-8.199521093254485971e-01
-8.575266561936522036e-01
-8.910065241883674547e-01
-9.202318473658697151e-01
-9.450630751798040352e-01
-9.653816388332731036e-01
-9.810905174433333098e-01
-9.921147013144772098e-01
-9.984015501089746891e-01
-9.999210442038162228e-01
-9.966659280340298688e-01
-9.886517447379140622e-01
-9.759167619387476567e-01
-9.585217890173765021e-01
-9.365498867481932832e-01
-9.101059706850000985e-01
-8.793163101905616674e-01
-8.443279255020216256e-01
-8.053078857111296562e-01
-7.624425110114566584e-01
-7.159364830218362119e-01
-6.660118674342576650e-01
-6.129070536529834801e-01
-5.568756164881959458e-01
-4.981851053394997786e-01
-4.371157666509428164e-01
-3.739592057378113843e-01
-3.090169943749593306e-01
-2.425992307954203120e-01
-1.750230589752828636e-01
-1.066111542752675584e-01
-3.769018266994296484e-02
3.141075907811911871e-02
1.003617148512050139e-01
1.688334447127233517e-01
2.364989970237135752e-01
3.030352696327623940e-01
3.681245526846659288e-01
4.314560456809530264e-01
4.927273415482851804e-01
5.516458706284235181e-01
6.079302976945983872e-01
6.613118653236447209e-01
7.115356772092781279e-01
7.583619152887146608e-01
8.015669848708695255e-01
8.409445822981661545e-01
8.763066800438605863e-01
9.074844245411139987e-01
9.343289424566093571e-01
9.567120515588279916e-01
9.745268727865751268e-01
9.876883405951362160e-01
9.961336091431715056e-01
9.998223523808087432e-01
9.987369566060178006e-01
9.928826045698143643e-01
9.822872507286899424e-01
9.670014877624368843e-01
9.470983049947468979e-01
9.226727398701182192e-01
8.938414241512681047e-01
8.607420270039488619e-01
8.235325976284336713e-01
7.823908105765911003e-01
7.375131173581775945e-01
6.891138083873529219e-01
6.374239897486950746e-01
5.826904796685823396e-01
5.251746299613029301e-01
4.651510780774665288e-01
4.029064357136717955e-01
3.387379202453014715e-01
2.729519355173294359e-01
2.058626087698863238e-01
1.377902906846438513e-01
6.906002571441238747e-02
7.349737736793884494e-15
-6.906002571439771864e-02
-1.377902906846293074e-01
-2.058626087698719465e-01
-2.729519355173152806e-01
-3.387379202452876492e-01
-4.029064357136583063e-01
-4.651510780774534837e-01
-5.251746299612903845e-01
-5.826904796685703491e-01
-6.374239897486837503e-01
-6.891138083873423748e-01
-7.375131173581677135e-01
-7.823908105765818854e-01
-8.235325976284253446e-01
-8.607420270039414234e-01
-8.938414241512614433e-01
-9.226727398701125571e-01
-9.470983049947421240e-01
-9.670014877624332206e-01
-9.822872507286871668e-01
-9.928826045698125879e-01
-9.987369566060170234e-01
-9.998223523808090762e-01
-9.961336091431728379e-01
-9.876883405951384365e-01
-9.745268727865783465e-01
-9.567120515588323215e-01
-9.343289424566145751e-01
-9.074844245411202159e-01
-8.763066800438676918e-01
-8.409445822981740370e-01
-8.015669848708782963e-01
-7.583619152887242088e-01
-7.115356772092884530e-01
-6.613118653236557121e-01
-6.079302976946100445e-01
-5.516458706284357305e-01
-4.927273415482980035e-01
-4.314560456809662936e-01
-3.681245526846795846e-01
-3.030352696327763828e-01
-2.364989970237278694e-01
-1.688334447127378402e-01
-1.003617148512196272e-01
-3.141075907813380835e-02
3.769018266992827521e-02
1.066111542752529451e-01
1.750230589752684029e-01
2.425992307954060734e-01
3.090169943749491166e-01
2.547707256833838252e-01
1.997099805144086915e-01
1.440107825522538021e-01
8.785119655074480338e-02
3.141075907812988788e-02
-2.513009544333591472e-02
-8.159061156815602955e-02
-1.377902906846365794e-01
-1.935494680508588194e-01
-2.486898871648534071e-01
-3.030352696327726636e-01
-3.564118787132494193e-01
-4.086490747363413223e-01
-4.595798606214803739e-01
-5.090414157503702075e-01
-5.568756164881869530e-01
-6.029295416890237957e-01
-6.470559615694434497e-01
-6.891138083873477038e-01
-7.289686274214107753e-01
-7.664930068093491755e-01
-8.015669848708759648e-01
-8.340784336131705778e-01
-8.639234171928348305e-01
-8.910065241883674547e-01
-9.152411726209171983e-01
-9.365498867481920620e-01
-9.548645447466427294e-01
-9.701265964901056860e-01
-9.822872507286884991e-01
-9.913076310695064786e-01
-9.971589002606139340e-01
-9.998223523808089652e-01
-9.992894726405893158e-01
-9.955619646030801073e-01
-9.886517447379140622e-01
-9.785809043254721784e-01
-9.653816388332739917e-01
-9.490961449902947100e-01
-9.297764858882515693e-01
-9.074844245411171073e-01
-8.822912264349535016e-01
-8.542774316992953754e-01
-8.235325976284275651e-01
-7.901550123756905242e-01
-7.542513807361039824e-01
-7.159364830218313269e-01
-6.753328081210245859e-01
-6.325701619131245401e-01
-5.877852522924641443e-01
-6.422526531765752056e-01
-6.936533058127958284e-01
-7.417417727387349835e-01
-7.862884321366145901e-01
-8.270805742745573896e-01
-8.639234171928310557e-01
-8.966410367852317709e-01
-9.250772068344542687e-01
-9.490961449902911573e-01
-9.685831611286283005e-01
-9.834452049953275043e-01
-9.936113105200077289e-01
-9.990329346781244846e-01
-9.996841892833001619e-01
-9.955619646030807735e-01
-9.866859442078694808e-01
-9.730985109821287393e-01
-9.548645447466460601e-01
-9.320711124582150564e-01
-9.048270524660245728e-01
-8.732624548099229278e-01
-8.375280400421452054e-01
-7.977944395385753173e-01
-7.542513807361089784e-01
-7.071067811865535679e-01
-6.565857557529635180e-01
-6.029295416890327886e-01
-5.463943467342781135e-01
-4.872501257253424312e-01
-4.257792915650773780e-01
-3.622753667045512382e-01
-2.970415815770413026e-01
-2.303894266765978416e-01
-1.626371651948917141e-01
-9.410831331852323456e-02
-2.513009544334718001e-02
4.396811831785445851e-02
1.128563848734705499e-01
1.812057636271325878e-01
2.486898871648493548e-01
3.149865196552987801e-01
3.797790955217945630e-01
4.427582310388945008e-01
5.036232016357534702e-01
5.620833778521229229e-01
6.178596130903264427e-01
6.706855765367120137e-01
7.203090248879038260e-01
7.664930068093465110e-01
8.090169943749438985e-01
8.476779360850796863e-01
8.822912264349497269e-01
9.126915874034994269e-01
9.387338576538709622e-01
9.602936856769404006e-01
9.772681235681912604e-01
9.895761186026503786e-01
9.971589002606136010e-01
9.999802608561371153e-01
9.980267284282720031e-01
9.913076310695074778e-01
9.798550523842484150e-01
9.637236782900120424e-01
9.429905358928676318e-01
9.177546256839823613e-01
8.881364488135462532e-01
8.542774316992974848e-01
8.163392507171869372e-01
7.745030601987376029e-01
7.289686274214161044e-01
6.799533787224246728e-01
6.276913612907069062e-01
5.724321255945982179e-01
5.144395337815087510e-01
4.539904997395498021e-01
3.913736668372127525e-01
3.268880296549470654e-01
2.608415062899092085e-01
1.935494680508665077e-01
1.253332335643042583e-01
5.651853448203238844e-02
-1.256603988335109126e-02
-8.159061156814821636e-02
-1.502255891207540661e-01
-2.181432413965319339e-01
-2.850192624699718347e-01
-3.505343201912474171e-01
-4.143755809932786471e-01
-4.762382036679269071e-01
-5.358267949789903284e-01
-5.928568201610469046e-01
-6.470559615694374545e-01
-6.981654189934606292e-01
-7.459411454241751116e-01
-7.901550123756790889e-01
-8.305958991958060089e-01
-8.670707011644872564e-01
-8.994052515663651937e-01
-9.274451533346586007e-01
-9.510565162951489793e-01
-9.701265964901037986e-01
-9.845643345292024451e-01
-9.943007903969978134e-01
-9.992894726405885386e-01
-9.995065603657319331e-01
-9.949510169813007288e-01
-9.856445951490002688e-01
-9.716317329146755277e-01
-9.529793415172232995e-01
-9.297764858882544559e-01
-9.021339593682098368e-01
-8.701837546695304626e-01
-8.340784336131809029e-01
-7.939903986478421549e-01
-7.501110696304628123e-01
-7.026499697988582982e-01
-6.518337253008835708e-01
-5.979049830575302593e-01
-5.411212521268824460e-01
-4.817536741017290902e-01
-4.200857284118147961e-01
-3.564118787132668498e-01
-2.910361668282822611e-01
-2.242707609493856113e-01
-1.564344650402431092e-01
-8.785119655074918876e-02
-1.884843971542206689e-02
5.024431817976202780e-02
1.190971600948544512e-01
1.873813145857157469e-01
2.547707256833658396e-01
3.209436098071994925e-01
3.855839922773927064e-01
4.483832160900215191e-01
5.090414157503664327e-01
5.672689491267453032e-01
6.227877804881069013e-01
6.753328081210133726e-01
7.246531301870406949e-01
7.705132427757787061e-01
8.126941644330880621e-01
8.509944817946898388e-01
8.852313113324498106e-01
9.152411726209154219e-01
9.408807689542210140e-01
9.620276715860840433e-01
9.785809043254690698e-01
9.904614256966500774e-01
9.976125063612241162e-01
