# PSK Modulated Signal
1.000000
0.951388
0.810302
0.590489
0.313328
0.005768
-0.302323
-0.581030
-0.803309
-0.947600
-0.999923
-0.955221
-0.817848
-0.601146
-0.326140
-0.019508
0.289007
0.569489
0.794742
0.942916
0.999641
0.959408
0.826110
0.612666
0.339766
0.033882
-0.275315
-0.557817
-0.786189
-0.938244
-0.999186
-0.963065
-0.833352
-0.622616
-0.351311
-0.045792
0.264231
0.548589
0.779585
0.934691
0.998752
0.965472
0.838036
0.628821
0.358190
0.052532
-0.258323
-0.544000
-0.776556
-0.933206
-0.998573
-0.966472
-0.840370
-0.632504
-0.363078
-0.058291
0.252206
0.538180
0.771777
0.930226
0.998058
0.968629
0.844770
0.638520
0.369961
0.065270
-0.245835
-0.532983
-0.768129
-0.928277
-0.997746
-0.969704
-0.846849
-0.641149
-0.372694
-0.067725
0.243922
0.531730
0.767495
0.928093
0.997746
0.969583
0.846322
0.640013
0.370863
0.065270
-0.246775
-0.534625
-0.769986
-0.929708
-0.998058
-0.968279
-0.843262
-0.635272
-0.364745
-0.058291
0.253938
0.541193
0.775174
0.932819
0.998573
0.966472
0.840370
0.632504
0.363078
0.058291
-0.252206
-0.538180
-0.771777
-0.930226
-0.998058
-0.968629
-0.844770
-0.638520
-0.369961
-0.065270
0.245835
0.532983
0.768129
0.928277
0.997746
0.969704
0.846849
0.641149
0.372694
0.067725
-0.243922
-0.531730
-0.767495
-0.928093
-0.997746
-0.969583
-0.846322
-0.640013
-0.370863
-0.065270
0.246775
0.534625
0.769986
0.929708
0.998058
0.968279
0.843262
0.635272
0.364745
0.058291
-0.253938
-0.541193
-0.775174
-0.932819
-0.998573
-0.965918
-0.837988
-0.627310
-0.354606
-0.046771
0.265788
0.552138
0.783905
0.938074
0.999294
0.961419
0.828132
0.612599
0.336177
0.026295
-0.286257
-0.570395
-0.797842
-0.945936
-0.999908
-0.954357
-0.813791
-0.592191
-0.311612
-0.000000
0.311612
0.592191
0.813791
0.954357
0.999908
0.945936
0.797842
0.570395
0.286257
-0.026295
-0.336177
-0.612599
-0.828132
-0.961419
-0.999294
-0.938074
-0.783905
-0.552138
-0.265788
0.046771
0.354606
0.627310
0.837988
0.965918
0.998573
0.933591
0.777934
0.546805
0.262706
-0.046771
-0.351617
-0.622326
-0.832733
-0.962547
-0.999294
-0.939497
-0.789006
-0.562406
-0.281603
0.026295
0.331602
0.604908
0.819907
0.955929
0.999908
0.947643
0.804189
0.583362
0.306419
0.000000
-0.306419
-0.583362
-0.804189
-0.947643
-0.999908
-0.955929
-0.819907
-0.604908
-0.331602
-0.026295
0.281603
0.562406
0.789006
0.939497
0.999294
0.962547
0.832733
0.622326
0.351617
0.046771
-0.262706
-0.546805
-0.777934
-0.933591
-0.998573
-0.965918
-0.837988
-0.627310
-0.354606
-0.046771
0.265788
0.552138
0.783905
0.938074
0.999294
0.961419
0.828132
0.612599
0.336177
0.026295
-0.286257
-0.570395
-0.797842
-0.945936
-0.999908
-0.954357
-0.813791
-0.592191
-0.311612
0.000000
0.311612
0.592191
0.813791
0.954357
0.999908
0.945936
0.797842
0.570395
0.286257
-0.026295
-0.336177
-0.612599
-0.828132
-0.961419
-0.999294
-0.938074
-0.783905
-0.552138
-0.265788
0.046771
0.354606
0.627310
0.837988
0.965918
0.998573
0.932819
0.775174
0.541193
0.253938
-0.058291
-0.364745
-0.635272
-0.843262
-0.968279
-0.998058
-0.929708
-0.769986
-0.534625
-0.246775
0.065270
0.370863
0.640013
0.846322
0.969583
0.997746
0.928093
0.767495
0.531730
0.243922
-0.067725
-0.372694
-0.641149
-0.846849
-0.969704
-0.997746
-0.928277
-0.768129
-0.532983
-0.245835
0.065270
0.369961
0.638520
0.844770
0.968629
0.998058
0.930226
0.771777
0.538180
0.252206
-0.058291
-0.363078
-0.632504
-0.840370
-0.966472
-0.998573
-0.933591
-0.777934
-0.546805
-0.262706
0.046771
0.351617
0.622326
0.832733
0.962547
0.999294
0.939497
0.789006
0.562406
0.281603
-0.026295
-0.331602
-0.604908
-0.819907
-0.955929
-0.999908
-0.947643
-0.804189
-0.583362
-0.306419
-0.000000
0.306419
0.583362
0.804189
0.947643
0.999908
0.955929
0.819907
0.604908
0.331602
0.026295
-0.281603
-0.562406
-0.789006
-0.939497
-0.999294
-0.962547
-0.832733
-0.622326
-0.351617
-0.046771
0.262706
0.546805
0.777934
0.933591
0.998573
0.966472
0.840370
0.632504
0.363078
0.058291
-0.252206
-0.538180
-0.771777
-0.930226
-0.998058
-0.968629
-0.844770
-0.638520
-0.369961
-0.065270
0.245835
0.532983
0.768129
0.928277
0.997746
0.969704
0.846849
0.641149
0.372694
0.067725
-0.243922
-0.531730
-0.767495
-0.928093
-0.997746
-0.969583
-0.846322
-0.640013
-0.370863
-0.065270
0.246775
0.534625
0.769986
0.929708
0.998058
0.968279
0.843262
0.635272
0.364745
0.058291
-0.253938
-0.541193
-0.775174
-0.932819
-0.998573
-0.965918
-0.837988
-0.627310
-0.354606
-0.046771
0.265788
0.552138
0.783905
0.938074
0.999294
0.961419
0.828132
0.612599
0.336177
0.026295
-0.286257
-0.570395
-0.797842
-0.945936
-0.999908
-0.954357
-0.813791
-0.592191
-0.311612
-0.000000
0.311612
0.592191
0.813791
0.954357
0.999908
0.945936
0.797842
0.570395
0.286257
-0.026295
-0.336177
-0.612599
-0.828132
-0.961419
-0.999294
-0.938074
-0.783905
-0.552138
-0.265788
0.046771
0.354606
0.627310
0.837988
0.965918
