# FSK Modulated Signal
1.000000
0.997990
0.992002
0.982056
0.968189
0.950454
0.928918
0.903665
0.874792
0.842413
0.806654
0.767657
0.725574
0.680573
0.632832
0.582541
0.529899
0.475117
0.418414
0.360016
0.300157
0.239077
0.177023
0.114242
0.050989
-0.012482
-0.075915
-0.139053
-0.201643
-0.263429
-0.324162
-0.383595
-0.441488
-0.497606
-0.551720
-0.603611
-0.653067
-0.699887
-0.743880
-0.784868
-0.822683
-0.857171
-0.888191
-0.915616
-0.939335
-0.959251
-0.975282
-0.987363
-0.995444
-0.999493
-0.999493
-0.995444
-0.987363
-0.975282
-0.959251
-0.939335
-0.915616
-0.888191
-0.857171
-0.822683
-0.784868
-0.743881
-0.699887
-0.653067
-0.603611
-0.551720
-0.497606
-0.441488
-0.383595
-0.324162
-0.263702
-0.202214
-0.139944
-0.077143
-0.014062
0.049047
0.111932
0.174343
0.236033
0.296756
0.356273
0.414350
0.470760
0.525280
0.577698
0.627811
0.675424
0.720353
0.762425
0.801478
0.837364
0.869947
0.899103
0.924724
0.946713
0.964990
0.979490
0.990159
0.996963
0.999879
0.998902
0.994069
0.985405
0.972944
0.956738
0.936849
0.913355
0.886349
0.855934
0.822228
0.785363
0.745481
0.702734
0.657288
0.609318
0.559007
0.506550
0.452148
0.396009
0.338349
0.279388
0.219354
0.158476
0.096987
0.035123
-0.026878
-0.088779
-0.150342
-0.211331
-0.271513
-0.330654
-0.388529
-0.444915
-0.499595
-0.552358
-0.603001
-0.651327
-0.697151
-0.740295
-0.780592
-0.818048
-0.852334
-0.883313
-0.910859
-0.934861
-0.955220
-0.971851
-0.984685
-0.993665
-0.998752
-0.999919
-0.997157
-0.990470
-0.979880
-0.965422
-0.947148
-0.925124
-0.899433
-0.870170
-0.837447
-0.801388
-0.762132
-0.719830
-0.674647
-0.626758
-0.576351
-0.523624
-0.468784
-0.412048
-0.353640
-0.293794
-0.232485
-0.170229
-0.107275
-0.043879
0.019702
0.083212
0.146393
0.208988
0.270743
0.331409
0.390737
0.448489
0.504428
0.558327
0.609968
0.659140
0.705644
0.749290
0.789901
0.827313
0.861373
0.891943
0.918899
0.942132
0.961549
0.977070
0.988634
0.996194
0.999721
0.999200
0.994636
0.986048
0.973472
0.956960
0.936581
0.912418
0.884572
0.853156
0.818298
0.779965
0.738451
0.693924
0.646566
0.596570
0.544139
0.489487
0.432836
0.374417
0.314470
0.253238
0.190971
0.127925
0.064355
0.000523
-0.063312
-0.126888
-0.189947
-0.252229
-0.313482
-0.373454
-0.431902
-0.488586
-0.543275
-0.595746
-0.645786
-0.693191
-0.737767
-0.779333
-0.817721
-0.852775
-0.884227
-0.912112
-0.936316
-0.956738
-0.973295
-0.985918
-0.994555
-0.999168
-0.999739
-0.996264
-0.988755
-0.977243
-0.961773
-0.942407
-0.919223
-0.892316
-0.861792
-0.827777
-0.790409
-0.749838
-0.706229
-0.659760
-0.610620
-0.559008
-0.505133
-0.449216
-0.391482
-0.332168
-0.271513
-0.209764
-0.147171
-0.083990
-0.020475
0.043115
0.106523
0.169491
0.231767
0.293097
0.353233
0.412193
0.469478
0.524855
0.578096
0.628986
0.677314
0.722884
0.765509
0.805015
0.841239
0.874033
0.903264
0.928812
0.950571
0.968453
0.982385
0.992310
0.998187
0.999993
0.997721
0.991379
0.980995
0.966611
0.948286
0.926096
0.900132
0.870500
0.837323
0.800736
0.760889
0.717947
0.672282
0.623895
0.572980
0.519742
0.464395
0.407164
0.348279
0.287979
0.226507
0.164113
0.101050
0.037573
-0.026061
-0.089593
-0.152765
-0.215320
-0.277005
-0.337570
-0.396768
-0.454359
-0.510109
-0.563791
-0.615189
-0.664093
-0.710306
-0.753639
-0.793918
-0.830981
-0.864676
-0.894868
-0.921436
-0.944273
-0.963288
-0.978405
-0.989563
-0.996720
-0.999848
-0.998936
-0.993989
-0.985079
-0.972233
-0.955508
-0.934977
-0.910725
-0.882855
-0.851483
-0.816738
-0.778764
-0.737715
-0.693760
-0.647077
-0.597855
-0.546291
-0.492593
-0.436977
-0.379665
-0.320884
-0.260868
-0.199856
-0.138087
-0.075806
-0.013257
0.049315
0.111665
0.173550
0.234729
0.294964
0.354022
0.411675
0.467701
0.521656
0.573592
0.623310
0.670619
0.715340
0.757300
0.796340
0.832312
0.865077
0.894511
0.920502
0.942951
0.961773
0.976896
0.988263
0.995830
0.999569
0.999467
0.995523
0.987753
0.976187
0.960868
0.941856
0.919224
0.893056
0.863454
0.830530
0.794411
0.755233
0.713147
0.668313
0.620903
0.571097
0.519088
0.465073
0.409259
0.351860
0.293097
0.233195
0.172104
0.110316
0.048072
-0.014387
-0.076818
-0.138977
-0.200621
-0.261508
-0.321398
-0.380056
-0.437249
-0.492751
-0.546341
-0.597806
-0.646938
-0.693542
-0.737429
-0.778422
-0.816355
-0.851072
-0.882432
-0.910305
-0.934575
-0.955140
-0.971914
-0.984825
-0.993815
-0.998844
-0.999886
-0.996931
-0.989987
-0.979022
-0.964101
-0.945281
-0.922639
-0.896263
-0.866259
-0.832748
-0.795864
-0.755757
-0.712586
-0.666528
-0.617767
-0.566502
-0.512939
-0.457297
-0.399800
-0.340682
-0.280183
-0.218547
-0.156026
-0.092873
-0.029345
0.034300
0.097805
0.160911
0.223363
0.284906
0.345292
0.404275
0.461617
0.517085
0.570456
0.621514
0.670052
0.715874
0.758797
0.798647
0.835265
0.868503
0.898355
0.924549
0.946977
0.965549
0.980186
0.990828
0.997432
0.999969
0.998429
0.992818
0.983157
0.969486
0.951861
0.930353
0.905050
0.876055
0.843487
0.807479
0.768178
0.725745
0.680353
0.632188
0.581447
0.528337
0.473076
0.415890
0.357012
0.296683
0.235150
0.172663
0.109478
0.046121
-0.017432
-0.080925
-0.144098
-0.206698
-0.268469
-0.329162
-0.388529
-0.446330
-0.502330
-0.556301
-0.608024
-0.657288
-0.703893
-0.747649
-0.788379
-0.825917
-0.860110
-0.890818
-0.917919
-0.941300
-0.960868
-0.976543
-0.988263
-0.995978
-0.999660
-0.999294
-0.994881
-0.986442
-0.974010
-0.957637
-0.937391
-0.913355
-0.885628
-0.854324
-0.819570
-0.781509
-0.740295
-0.696098
-0.648882
-0.599018
-0.546710
-0.492169
-0.435619
-0.377289
-0.317419
-0.256250
-0.194035
-0.131025
-0.067479
-0.003656
0.060183
0.123777
0.186867
0.249196
0.310507
0.370552
0.429084
0.485865
0.540663
0.593254
0.643424
0.690969
0.735693
0.777416
0.815968
0.851192
0.882944
0.911096
0.935535
0.956083
0.972771
0.985532
0.994310
0.999070
0.999790
0.996467
0.989111
0.977752
0.962435
0.943221
0.920186
0.893424
0.863042
0.829163
0.791924
0.751477
0.707984
0.661622
0.612581
0.561057
0.507262
0.451413
0.393737
0.334468
0.273848
0.212123
0.149543
0.086362
0.022836
-0.040776
-0.104217
-0.167229
-0.229558
-0.290951
-0.351159
-0.409940
-0.467057
-0.522278
-0.575150
-0.625699
-0.673727
-0.719044
-0.761474
-0.800850
-0.837019
-0.869843
-0.899195
-0.924963
-0.947050
-0.965374
-0.979868
-0.990478
-0.997170
-0.999923
-0.998731
-0.993604
-0.984569
-0.971667
-0.954954
-0.934500
-0.910392
-0.882729
-0.851623
-0.817203
-0.779605
-0.738981
-0.695493
-0.649314
-0.600627
-0.549848
-0.496957
-0.442160
-0.385667
-0.327696
-0.268470
-0.208218
-0.147172
-0.085565
-0.023635
0.038380
0.100244
0.161717
0.222566
0.282556
0.341457
0.399043
0.455095
0.509397
0.561741
0.611926
0.659760
0.705059
0.747649
0.787367
0.824060
0.857587
0.887818
0.914637
0.937940
0.957637
0.973650
0.985918
0.994391
0.999037
0.999835
0.996780
0.989884
0.979171
