# ASK Modulated Signal
0.000000
0.000000
-0.325812
-0.000000
0.616318
0.000000
-0.840036
-0.000000
0.972723
0.000000
-1.000000
-0.000000
0.918912
0.000000
-0.738246
-0.000000
0.477578
-0.000000
-0.165159
-0.000000
0.000000
-0.000000
-0.325812
-0.000000
0.616318
-0.000000
-0.840036
-0.000000
0.972723
-0.000000
-1.000000
-0.000000
0.918912
0.000000
-0.738246
-0.000000
0.477578
0.000000
-0.165159
-0.000000
0.000000
0.000000
-0.325812
-0.000000
0.616318
0.000000
-0.840036
-0.000000
0.972723
0.000000
-1.000000
-0.000000
0.918912
0.000000
-0.738246
-0.000000
0.477578
0.000000
-0.165159
-0.000000
0.000000
0.000000
-0.325812
-0.000000
0.616318
0.000000
-0.840036
-0.000000
0.972723
0.000000
-1.000000
-0.000000
0.918912
0.000000
-0.738246
-0.000000
0.477578
0.000000
-0.165159
-0.000000
-0.000000
-0.000000
0.325812
-0.000000
-0.616318
-0.000000
0.840036
0.000000
-0.972723
-0.000000
1.000000
0.000000
-0.918912
-0.000000
0.738246
0.000000
-0.477578
-0.000000
0.165159
0.000000
-0.000000
-0.000000
0.325812
0.000000
-0.616318
-0.000000
0.840036
0.000000
-0.972723
-0.000000
1.000000
0.000000
-0.918912
-0.000000
0.738246
0.000000
-0.477578
-0.000000
0.165159
0.000000
0.000000
0.000000
-0.325812
-0.000000
0.616318
0.000000
-0.840036
-0.000000
0.972723
0.000000
-1.000000
-0.000000
0.918912
0.000000
-0.738246
-0.000000
0.477578
-0.000000
-0.165159
-0.000000
-0.000000
-0.000000
0.325812
0.000000
-0.616318
-0.000000
0.840036
0.000000
-0.972723
-0.000000
1.000000
0.000000
-0.918912
-0.000000
0.738246
0.000000
-0.477578
-0.000000
0.165159
0.000000
0.000000
0.000000
-0.325812
-0.000000
0.616318
0.000000
-0.840036
0.000000
0.972723
0.000000
-1.000000
-0.000000
0.918912
0.000000
-0.738246
-0.000000
0.477578
0.000000
-0.165159
-0.000000
0.000000
0.000000
-0.325812
-0.000000
0.616318
0.000000
-0.840036
-0.000000
0.972723
0.000000
-1.000000
-0.000000
0.918912
0.000000
-0.738246
-0.000000
0.477578
0.000000
-0.165159
0.000000
