# Modulated Signal (NRZ + FSK)
1.000000000000000000e+00
9.984015501089750222e-01
9.936113105200083950e-01
9.856445951489980484e-01
9.745268727865771252e-01
9.602936856769430651e-01
9.429905358928645231e-01
9.226727398701147775e-01
8.994052515663710778e-01
8.732624548099201522e-01
8.443279255020150753e-01
8.126941644330939463e-01
7.784623015670234514e-01
7.417417727387392024e-01
7.026499697988491944e-01
6.613118653236519373e-01
6.178596130903343253e-01
5.724321255945908904e-01
5.251746299612957136e-01
4.762382036679391195e-01
4.257792915650726595e-01
3.739592057378003931e-01
3.209436098072096510e-01
2.669019893203756766e-01
2.120071099220547373e-01
1.564344650402309245e-01
1.003617148512149088e-01
4.396811831786489461e-02
-1.256603988335265251e-02
-6.906002571440587878e-02
-1.253332335643041473e-01
-1.812057636271372785e-01
-2.364989970237246497e-01
-2.910361668282718250e-01
-3.446429231745170574e-01
-3.971478906347806759e-01
-4.483832160900321218e-01
-4.981851053394907303e-01
-5.463943467342690097e-01
-5.928568201610592281e-01
-6.374239897486897455e-01
-6.799533787224192327e-01
-7.203090248879069346e-01
-7.583619152887216552e-01
-7.939903986478351605e-01
-8.270805742745617195e-01
-8.575266561936520926e-01
-8.852313113324551397e-01
-9.101059706849956576e-01
-9.320711124582109486e-01
-9.510565162951535312e-01
-9.670014877624349969e-01
-9.798550523842468607e-01
-9.895761186026509337e-01
-9.961336091431725048e-01
-9.995065603657316000e-01
-9.996841892832999399e-01
-9.966659280340298688e-01
-9.904614256966511876e-01
-9.810905174433340870e-01
-9.685831611286311871e-01
-9.529793415172188586e-01
-9.343289424566121326e-01
-9.126915874035028686e-01
-8.881364488135445878e-01
-8.607420270039436438e-01
-8.305958991958126703e-01
-7.977944395385709875e-01
-7.624425110114478876e-01
-7.246531301870465791e-01
-6.845471059286886151e-01
-6.422526531765846425e-01
-5.979049830575190461e-01
-5.516458706284304014e-01
-5.036232016357610197e-01
-4.539904997395469155e-01
-4.029064357136628027e-01
-3.505343201912591300e-01
-2.970415815770349743e-01
-2.425992307954074612e-01
-1.873813145857246287e-01
-1.315643590922824790e-01
-7.532680552793265261e-02
-1.884843971540807461e-02
3.769018266993467287e-02
9.410831331851449155e-02
1.502255891207563698e-01
2.058626087698806895e-01
2.608415062898963299e-01
3.149865196553042201e-01
3.681245526846774196e-01
4.200857284118058033e-01
4.707039321653321284e-01
5.198173426207091108e-01
5.672689491267561834e-01
6.129070536529761526e-01
6.565857557529561905e-01
6.981654189934723975e-01
7.375131173581737087e-01
7.745030601987337171e-01
8.090169943749475623e-01
7.664930068093499527e-01
7.203090248879081559e-01
6.706855765367212285e-01
6.178596130903355466e-01
5.620833778521316937e-01
5.036232016357619079e-01
4.427582310389024944e-01
3.797790955218019460e-01
3.149865196553055524e-01
2.486898871648554055e-01
1.812057636271387218e-01
1.128563848734829428e-01
4.396811831786602565e-02
-2.513009544333649758e-02
-9.410831331851347847e-02
-1.626371651948820274e-01
-2.303894266765900423e-01
-2.970415815770336421e-01
-3.622753667045437442e-01
-4.257792915650717158e-01
-4.872501257253307738e-01
-5.463943467342684546e-01
-6.029295416890234627e-01
-6.565857557529560795e-01
-7.071067811865466846e-01
-7.542513807361025391e-01
-7.977944395385704324e-01
-8.375280400421407645e-01
-8.732624548099198192e-01
-9.048270524660189107e-01
-9.320711124582108376e-01
-9.548645447466426184e-01
-9.730985109821265189e-01
-9.866859442078679265e-01
-9.955619646030799963e-01
-9.996841892832999399e-01
-9.990329346781248177e-01
-9.936113105200083950e-01
-9.834452049953298358e-01
-9.685831611286310761e-01
-9.490961449902953762e-01
-9.250772068344585985e-01
-8.966410367852368779e-01
-8.639234171928368289e-01
-8.270805742745629408e-01
-7.862884321366205853e-01
-7.417417727387403126e-01
-6.936533058128067086e-01
-6.422526531765854196e-01
-5.877852522924749135e-01
-5.305111843067350508e-01
-4.707039321653342379e-01
-4.086490747363498710e-01
-3.446429231745185562e-01
-2.789911060392315512e-01
-2.120071099220559585e-01
-1.440107825522542462e-01
-7.532680552793379058e-02
-6.283143965560764738e-03
6.279051952931259672e-02
1.315643590922809802e-01
1.997099805144065265e-01
2.669019893203743443e-01
3.328195445229847338e-01
3.971478906347797322e-01
4.595798606214863136e-01
5.198173426207088887e-01
5.775727034222664091e-01
6.325701619131240960e-01
6.845471059286878379e-01
7.332553462225599450e-01
7.784623015670217860e-01
8.199521093254503734e-01
8.575266561936509824e-01
8.910065241883664555e-01
9.202318473658694931e-01
9.450630751798039242e-01
9.653816388332734366e-01
9.810905174433335318e-01
9.921147013144776539e-01
9.984015501089749112e-01
9.999210442038161117e-01
9.966659280340300908e-01
9.886517447379143952e-01
9.759167619387477677e-01
9.585217890173766131e-01
9.365498867481928391e-01
9.101059706849965458e-01
8.793163101905567824e-01
8.443279255020160745e-01
8.053078857111224398e-01
7.624425110114488868e-01
7.159364830218328812e-01
6.660118674342526690e-01
6.129070536529781510e-01
5.568756164881889514e-01
4.981851053394924511e-01
4.371157666509336570e-01
3.739592057378018919e-01
3.090169943749479509e-01
2.425992307954086824e-01
1.750230589752763133e-01
1.066111542752609109e-01
3.769018266993807292e-02
-3.141075907812578699e-02
-1.003617148512116475e-01
-1.688334447127316784e-01
-2.364989970237217909e-01
-3.030352696327721085e-01
-3.681245526846754768e-01
-4.314560456809574673e-01
-4.927273415482894547e-01
-5.516458706284276259e-01
-6.079302976946037163e-01
-6.613118653236497169e-01
-7.115356772092840121e-01
-7.583619152887201009e-01
-8.015669848708756318e-01
-8.409445822981678198e-01
-8.763066800438629178e-01
-9.074844245411161081e-01
-9.343289424566110224e-01
-9.567120515588299901e-01
-9.745268727865765701e-01
-9.876883405951374373e-01
-9.961336091431722828e-01
-9.998223523808089652e-01
-9.987369566060175785e-01
-9.928826045698138092e-01
-9.822872507286889432e-01
-9.670014877624352190e-01
-9.470983049947453436e-01
-9.226727398701149996e-01
-8.938414241512643299e-01
-8.607420270039446430e-01
-8.235325976284288974e-01
-7.823908105765902121e-01
-7.375131173581767063e-01
-6.891138083873494802e-01
-6.374239897486912998e-01
-5.826904796685783428e-01
-5.251746299612987112e-01
-4.651510780774621434e-01
-4.029064357136640240e-01
-3.387379202452935334e-01
-2.729519355173281037e-01
-2.058626087698849916e-01
-1.377902906846389941e-01
-6.906002571440750248e-02
-2.449912578931294568e-15
6.906002571440260362e-02
1.377902906846341646e-01
2.058626087698802176e-01
2.729519355173233852e-01
3.387379202452888705e-01
4.029064357136595831e-01
4.651510780774578135e-01
5.251746299612946034e-01
5.826904796685743460e-01
6.374239897486875250e-01
6.891138083873459275e-01
7.375131173581733757e-01
7.823908105765872145e-01
8.235325976284261218e-01
8.607420270039420895e-01
8.938414241512636638e-01
9.226727398701144445e-01
9.470983049947436783e-01
9.670014877624344418e-01
9.822872507286887211e-01
9.928826045698135871e-01
9.987369566060174675e-01
9.998223523808090762e-01
9.961336091431727269e-01
9.876883405951376593e-01
9.745268727865772362e-01
9.567120515588308782e-01
9.343289424566127988e-01
9.074844245411166632e-01
8.763066800438635839e-01
8.409445822981694851e-01
8.015669848708796286e-01
7.583619152887256520e-01
7.115356772092874538e-01
6.613118653236547129e-01
6.079302976946090453e-01
5.516458706284346203e-01
4.927273415482968377e-01
4.314560456809619082e-01
3.681245526846816385e-01
3.030352696327784923e-01
2.364989970237300065e-01
1.688334447127365079e-01
1.003617148512182949e-01
3.141075907813246221e-02
-3.769018266992962135e-02
-1.066111542752578162e-01
-1.750230589752732324e-01
-2.425992307954039362e-01
-3.090169943749480619e-01
-2.547707256833827705e-01
-1.997099805144076090e-01
-1.440107825522527196e-01
-8.785119655074370704e-02
-3.141075907812879153e-02
2.513009544333701800e-02
8.159061156815712590e-02
1.377902906846376618e-01
1.935494680508599019e-01
2.486898871648544618e-01
3.030352696327737183e-01
3.564118787132504740e-01
4.086490747363488163e-01
4.595798606214877013e-01
5.090414157503712067e-01
5.568756164881879522e-01
6.029295416890246839e-01
6.470559615694442268e-01
6.891138083873484810e-01
7.289686274214115524e-01
7.664930068093498416e-01
8.015669848708766310e-01
8.340784336131712440e-01
8.639234171928353856e-01
8.910065241883678988e-01
9.152411726209176424e-01
9.365498867481923950e-01
9.548645447466430625e-01
9.701265964901059080e-01
9.822872507286887211e-01
9.913076310695065896e-01
9.971589002606139340e-01
9.998223523808089652e-01
9.992894726405892047e-01
9.955619646030799963e-01
9.886517447379139512e-01
9.785809043254719564e-01
9.653816388332737697e-01
9.490961449902943770e-01
9.297764858882511252e-01
9.074844245411166632e-01
8.822912264349529465e-01
8.542774316992948203e-01
8.235325976284290084e-01
7.901550123756920785e-01
7.542513807361055367e-01
7.159364830218329923e-01
6.753328081210263623e-01
6.325701619131264275e-01
5.877852522924751355e-01
5.411212521268780051e-01
4.927273415482937291e-01
4.427582310389037157e-01
3.913736668372046479e-01
3.387379202452936444e-01
2.850192624699783850e-01
2.303894266765928456e-01
1.750230589752782839e-01
1.190971600948719650e-01
6.279051952931558045e-02
6.283143965561132499e-03
-5.024431817976741238e-02
-1.066111542752578162e-01
-1.626371651948815555e-01
-2.181432413965405659e-01
-2.729519355173232742e-01
-3.268880296549406261e-01
-3.797790955217992814e-01
-4.314560456809572453e-01
-4.817536741017136026e-01
-5.305111843067324973e-01
-5.775727034222660761e-01
-6.227877804881111201e-01
-6.660118674342503375e-01
-7.071067811865463515e-01
-7.459411454241809958e-01
-7.823908105765871035e-01
-8.163392507171830514e-01
-8.476779360850823508e-01
-8.763066800438628068e-01
-9.021339593682021762e-01
-9.250772068344574883e-01
-9.450630751798043683e-01
-9.620276715860854866e-01
-9.759167619387471015e-01
-9.866859442078678155e-01
-9.943007903969987016e-01
-9.987369566060174675e-01
-9.999802608561371153e-01
-9.980267284282716700e-01
-9.928826045698138092e-01
-9.845643345292055537e-01
-9.730985109821268519e-01
-9.585217890173761690e-01
-9.408807689542257879e-01
-9.202318473658707143e-01
-8.966410367852363228e-01
-8.701837546695261327e-01
-8.409445822981695962e-01
-8.090169943749467851e-01
-8.476779360850822398e-01
-8.822912264349520584e-01
-9.126915874035014253e-01
-9.387338576538739598e-01
-9.602936856769427321e-01
-9.772681235681930367e-01
-9.895761186026500456e-01
-9.971589002606133789e-01
-9.999802608561371153e-01
-9.980267284282718920e-01
-9.913076310695073667e-01
-9.798550523842481930e-01
-9.637236782900115983e-01
-9.429905358928659664e-01
-9.177546256839832495e-01
-8.881364488135472524e-01
-8.542774316992987060e-01
-8.163392507171861601e-01
-7.745030601987367147e-01
-7.289686274214152162e-01
-6.799533787224236736e-01
-6.276913612907031315e-01
-5.724321255945942211e-01
-5.144395337815106384e-01
-4.539904997395517450e-01
-3.913736668372082561e-01
-3.268880296549457887e-01
-2.608415062899010484e-01
-1.935494680508652032e-01
-1.253332335643099760e-01
-5.651853448202749652e-02
1.256603988334888643e-02
8.159061156815310134e-02
1.502255891207519012e-01
2.181432413965367356e-01
2.850192624699731114e-01
3.505343201912553552e-01
4.143755809932798684e-01
4.762382036679343456e-01
5.358267949789944362e-01
5.928568201610565636e-01
6.470559615694412292e-01
6.981654189934691779e-01
7.459411454241784423e-01
7.901550123756886368e-01
8.305958991958106719e-01
8.670707011644879225e-01
8.994052515663688574e-01
9.274451533346604881e-01
9.510565162951526430e-01
9.701265964901049088e-01
9.845643345292045545e-01
9.943007903969983685e-01
9.992894726405892047e-01
9.995065603657317110e-01
9.949510169813005067e-01
9.856445951489988255e-01
9.716317329146744175e-01
9.529793415172196358e-01
9.297764858882526795e-01
9.021339593682046187e-01
8.701837546695263548e-01
8.340784336131742416e-01
7.939903986478391573e-01
7.501110696304595926e-01
7.026499697988497495e-01
6.518337253008799070e-01
5.979049830575207114e-01
5.411212521268783382e-01
4.817536741017185431e-01
4.200857284118103552e-01
3.564118787132556365e-01
2.910361668282775982e-01
2.242707609493877485e-01
1.564344650402382797e-01
8.785119655075139533e-02
1.884843971541716803e-02
-5.024431817976691972e-02
-1.190971600948663722e-01
-1.873813145857205764e-01
-2.547707256833774414e-01
-3.209436098072041554e-01
-3.855839922773906525e-01
-4.483832160900259045e-01
-5.090414157503645454e-01
-5.672689491267494111e-01
-6.227877804881106760e-01
-6.753328081210222544e-01
-7.246531301870440256e-01
-7.705132427757863667e-01
-8.126941644330908376e-01
-8.509944817946887285e-01
-8.852313113324520311e-01
-9.152411726209145337e-01
-9.408807689542226793e-01
-9.620276715860853756e-01
-9.785809043254715123e-01
-9.904614256966507435e-01
-9.976125063612248933e-01
-1.000000000000000000e+00
-9.976125063612255595e-01
-9.904614256966520758e-01
-9.785809043254736217e-01
-9.620276715860880401e-01
-9.408807689542260100e-01
-9.152411726209185305e-01
-8.852313113324565830e-01
-8.509944817946938356e-01
-8.126941644330966108e-01
-7.705132427757925839e-01
-7.246531301870507980e-01
-6.753328081210294709e-01
-6.227877804881184476e-01
-5.672689491267574047e-01
-5.090414157503729831e-01
-4.483832160900346198e-01
-3.855839922773997008e-01
-3.209436098072134258e-01
-2.547707256833869338e-01
-1.873813145857302076e-01
-1.190971600948761006e-01
-5.024431817977671050e-02
1.884843971540737032e-02
8.785119655074162537e-02
1.564344650402285930e-01
2.242707609493782006e-01
2.910361668282682168e-01
3.564118787132464772e-01
4.200857284118014179e-01
4.817536741017099944e-01
5.411212521268701225e-01
5.979049830575184910e-01
6.518337253008779086e-01
7.026499697988478621e-01
7.501110696304578163e-01
7.939903986478332731e-01
8.340784336131689125e-01
8.701837546695232462e-01
9.021339593682003999e-01
9.297764858882516803e-01
9.529793415172187476e-01
9.716317329146737514e-01
9.856445951489977153e-01
9.949510169812999516e-01
9.995065603657314890e-01
9.992894726405894268e-01
9.943007903969993677e-01
9.845643345292063309e-01
9.701265964901055749e-01
9.510565162951535312e-01
9.274451533346614873e-01
8.994052515663715219e-01
8.670707011644910311e-01
8.305958991958141135e-01
7.901550123756925226e-01
7.459411454241848816e-01
6.981654189934761723e-01
6.470559615694432276e-01
5.928568201610586730e-01
5.358267949789966567e-01
4.762382036679398412e-01
4.143755809932855860e-01
3.505343201912678452e-01
2.850192624699858790e-01
2.181432413965532224e-01
1.502255891207686100e-01
8.159061156816994898e-02
1.256603988335868588e-02
-5.651853448201771268e-02
-1.253332335642967366e-01
-1.935494680508521026e-01
-2.608415062898881698e-01
-3.268880296549331876e-01
-3.913736668371927130e-01
-4.539904997395367015e-01
-5.144395337814960945e-01
-5.724321255945862275e-01
-6.276913612906954709e-01
-6.799533787224139036e-01
-7.289686274214061124e-01
-7.745030601987282770e-01
-8.163392507171784995e-01
-8.542774316992898243e-01
-8.881364488135394808e-01
-9.177546256839764771e-01
-9.429905358928626358e-01
-9.637236782900080456e-01
-9.798550523842455284e-01
-9.913076310695055904e-01
-9.980267284282710039e-01
-9.999802608561372264e-01
-9.971589002606147112e-01
-9.895761186026524880e-01
-9.772681235681943690e-01
-9.602936856769445084e-01
-9.387338576538760693e-01
-9.126915874035054221e-01
-8.822912264349567213e-01
-8.476779360850874578e-01
-8.090169943749466741e-01
-8.409445822981683749e-01
-8.701837546695250225e-01
-8.966410367852353236e-01
-9.202318473658698261e-01
-9.408807689542251218e-01
-9.585217890173756139e-01
-9.730985109821262968e-01
-9.845643345292052206e-01
-9.928826045698135871e-01
-9.980267284282714479e-01
-9.999802608561371153e-01
-9.987369566060175785e-01
-9.943007903969990346e-01
-9.866859442078682596e-01
-9.759167619387475456e-01
-9.620276715860861527e-01
-9.450630751798050344e-01
-9.250772068344582655e-01
-9.021339593682031754e-01
-8.763066800438639170e-01
-8.476779360850835721e-01
-8.163392507171842727e-01
-7.823908105765884358e-01
-7.459411454241824391e-01
-7.071067811865479058e-01
-6.660118674342520029e-01
-6.227877804881127854e-01
-5.775727034222679634e-01
-5.305111843067343846e-01
-4.817536741017155455e-01
-4.314560456809592437e-01
-3.797790955218013353e-01
-3.268880296549426800e-01
-2.729519355173254391e-01
-2.181432413965427031e-01
-1.626371651948837205e-01
-1.066111542752600089e-01
-5.024431817976961201e-02
6.283143965558928533e-03
6.279051952931338776e-02
1.190971600948697862e-01
1.750230589752761190e-01
2.303894266765907084e-01
2.850192624699762756e-01
3.387379202452915350e-01
3.913736668372025940e-01
4.427582310389017728e-01
4.927273415482917862e-01
5.411212521268761177e-01
5.877852522924733591e-01
6.325701619131247622e-01
6.753328081210246969e-01
7.159364830218314379e-01
7.542513807361040934e-01
7.901550123756906352e-01
8.235325976284277871e-01
8.542774316992954864e-01
8.822912264349536127e-01
9.074844245411172183e-01
9.297764858882516803e-01
9.490961449902948210e-01
9.653816388332741028e-01
9.785809043254722894e-01
9.886517447379141732e-01
9.955619646030801073e-01
9.992894726405893158e-01
9.998223523808089652e-01
9.971589002606138230e-01
9.913076310695064786e-01
9.822872507286884991e-01
9.701265964901055749e-01
9.548645447466426184e-01
9.365498867481919509e-01
9.152411726209170872e-01
8.910065241883673437e-01
8.639234171928347195e-01
8.340784336131704668e-01
8.015669848708758538e-01
7.664930068093489535e-01
7.289686274214105532e-01
6.891138083873474818e-01
6.470559615694432276e-01
6.029295416890235737e-01
5.568756164881867310e-01
5.090414157503699855e-01
4.595798606214864801e-01
4.086490747363475950e-01
3.564118787132558586e-01
3.030352696327791584e-01
2.486898871648600406e-01
1.935494680508655641e-01
1.377902906846433795e-01
8.159061156816285743e-02
2.513009544334277381e-02
-3.141075907812303225e-02
-8.785119655073796163e-02
-1.440107825522470297e-01
-1.997099805144019469e-01
-2.547707256833772194e-01
-3.090169943749425663e-01
-3.622753667045409687e-01
-4.143755809932795353e-01
-4.651510780774539278e-01
-5.144395337815022007e-01
-5.620833778521264756e-01
-6.079302976946014958e-01
-6.518337253008750221e-01
-6.936533058128014906e-01
-7.332553462225567253e-01
-7.705132427757861446e-01
-8.053078857111191091e-01
-8.375280400421390992e-01
-8.670707011644877005e-01
-8.938414241512616654e-01
-9.177546256839793637e-01
-9.387338576538725166e-01
-9.567120515588292129e-01
-9.716317329146728632e-01
-9.834452049953288366e-01
-9.921147013144773208e-01
-9.976125063612248933e-01
-9.999210442038161117e-01
-9.990329346781249287e-01
-9.949510169813006177e-01
-9.876883405951384365e-01
-9.772681235681943690e-01
-9.637236782900108212e-01
-9.470983049947455656e-01
-9.274451533346628196e-01
-9.048270524660212422e-01
-8.793163101905582257e-01
-8.509944817946939466e-01
-8.199521093254545923e-01
-7.862884321366213625e-01
-7.501110696304621461e-01
-7.115356772092881199e-01
-6.706855765367228939e-01
-6.276913612907034645e-01
-5.826904796685791199e-01
-5.358267949789997653e-01
-4.872501257253355478e-01
-4.371157666509362105e-01
-3.855839922773999229e-01
-3.328195445229900629e-01
-2.789911060392327169e-01
-2.242707609493846677e-01
-1.688334447127373406e-01
-1.128563848734851632e-01
-5.651853448202798225e-02
-3.429630018249177331e-15
5.651853448202113356e-02
1.128563848734783492e-01
1.688334447127305959e-01
2.242707609493779786e-01
2.789911060392261111e-01
3.328195445229836236e-01
3.855839922773935946e-01
4.371157666509300488e-01
4.872501257253296081e-01
5.358267949789939921e-01
5.826904796685735688e-01
6.276913612906981355e-01
6.706855765367177868e-01
7.115356772092832349e-01
7.501110696304575942e-01
7.862884321366171436e-01
8.199521093254507065e-01
8.509944817946903939e-01
8.793163101905548951e-01
9.048270524660183556e-01
9.274451533346602661e-01
9.470983049947434562e-01
9.637236782900090448e-01
9.772681235681929257e-01
9.876883405951373263e-01
9.949510169812999516e-01
9.990329346781245956e-01
9.999210442038161117e-01
9.976125063612253374e-01
9.921147013144780979e-01
9.834452049953301689e-01
9.716317329146745285e-01
9.567120515588312113e-01
9.387338576538748480e-01
9.177546256839820282e-01
8.938414241512647740e-01
8.670707011644911422e-01
8.375280400421428739e-01
8.053078857111232169e-01
7.705132427757905855e-01
7.332553462225613883e-01
6.936533058128063756e-01
6.518337253008802401e-01
6.079302976946069359e-01
5.620833778521322488e-01
5.144395337815080849e-01
4.651510780774599785e-01
4.143755809932858081e-01
3.622753667045473525e-01
3.090169943749453974e-01
3.739592057377977286e-01
4.371157666509296047e-01
4.981851053394870110e-01
5.568756164881837334e-01
6.129070536529718227e-01
6.660118674342466738e-01
7.159364830218259979e-01
7.624425110114472215e-01
8.053078857111208855e-01
8.443279255020137430e-01
8.793163101905546730e-01
9.101059706849939923e-01
9.365498867481881762e-01
9.585217890173722832e-01
9.759167619387444370e-01
9.886517447379118417e-01
9.966659280340286475e-01
9.999210442038160007e-01
9.984015501089755773e-01
9.921147013144790971e-01
9.810905174433361964e-01
9.653816388332768783e-01
9.450630751798088092e-01
9.202318473658754883e-01
8.910065241883741161e-01
8.575266561936597531e-01
8.199521093254570347e-01
7.784623015670290025e-01
7.332553462225666063e-01
6.845471059286962756e-01
6.325701619131330888e-01
5.775727034222772893e-01
5.198173426207203240e-01
4.595798606214997473e-01
3.971478906347936100e-01
3.328195445229940042e-01
2.669019893203837812e-01
1.997099805144161300e-01
1.315643590922924711e-01
6.279051952932414304e-02
-6.283143965547413438e-03
-7.532680552792046791e-02
-1.440107825522392582e-01
-2.120071099220481037e-01
-2.789911060392221143e-01
-3.446429231745093968e-01
-4.086490747363408782e-01
-4.707039321653240238e-01
-5.305111843067251698e-01
-5.877852522924641443e-01
-6.422526531765752056e-01
-6.936533058127958284e-01
-7.417417727387349835e-01
-7.862884321366145901e-01
-8.270805742745573896e-01
-8.639234171928310557e-01
-8.966410367852317709e-01
-9.250772068344542687e-01
-9.490961449902911573e-01
-9.685831611286283005e-01
-9.834452049953275043e-01
-9.936113105200077289e-01
-9.990329346781244846e-01
-9.996841892833001619e-01
-9.955619646030807735e-01
-9.866859442078694808e-01
-9.730985109821287393e-01
-9.548645447466460601e-01
-9.320711124582150564e-01
-9.048270524660245728e-01
-8.732624548099229278e-01
-8.375280400421452054e-01
-7.977944395385753173e-01
-7.542513807361089784e-01
-7.071067811865535679e-01
-6.565857557529635180e-01
-6.029295416890327886e-01
-5.463943467342781135e-01
-4.872501257253424312e-01
-4.257792915650773780e-01
-3.622753667045512382e-01
-2.970415815770413026e-01
-2.303894266765978416e-01
-1.626371651948917141e-01
-9.410831331852323456e-02
-2.513009544334718001e-02
4.396811831785445851e-02
1.128563848734705499e-01
1.812057636271325878e-01
2.486898871648493548e-01
3.149865196552987801e-01
3.797790955217945630e-01
4.427582310388945008e-01
5.036232016357534702e-01
5.620833778521229229e-01
6.178596130903264427e-01
6.706855765367120137e-01
7.203090248879038260e-01
7.664930068093465110e-01
8.090169943749464521e-01
7.745030601987328289e-01
7.375131173581728206e-01
6.981654189934715093e-01
6.565857557529551913e-01
6.129070536529751534e-01
5.672689491267550732e-01
5.198173426207078895e-01
4.707039321653309627e-01
4.200857284118045820e-01
3.681245526846761984e-01
3.149865196553029434e-01
2.608415062898950532e-01
2.058626087698793572e-01
1.502255891207550376e-01
9.410831331851225723e-02
3.769018266993243854e-02
-1.884843971541031241e-02
-7.532680552793488693e-02
-1.315643590922846995e-01
-1.873813145857268214e-01
-2.425992307954096261e-01
-2.970415815770370838e-01
-3.505343201912611839e-01
-4.029064357136648011e-01
-4.539904997395489139e-01
-5.036232016357629071e-01
-5.516458706284322888e-01
-5.979049830575209334e-01
-6.422526531765863078e-01
-6.845471059286905025e-01
-7.246531301870484665e-01
-7.624425110114495530e-01
-7.977944395385726528e-01
-8.305958991958141135e-01
-8.607420270039449761e-01
-8.881364488135458091e-01
-9.126915874035039788e-01
-9.343289424566105783e-01
-9.529793415172175264e-01
-9.685831611286300769e-01
-9.810905174433333098e-01
-9.904614256966506325e-01
-9.966659280340295357e-01
-9.996841892832998289e-01
-9.995065603657317110e-01
-9.961336091431728379e-01
-9.895761186026514888e-01
-9.798550523842476379e-01
-9.670014877624359961e-01
-9.510565162951547524e-01
-9.320711124582123919e-01
-9.101059706849972120e-01
-8.852313113324569160e-01
-8.575266561936542020e-01
-8.270805742745639400e-01
-7.939903986478376030e-01
-7.583619152887242088e-01
-7.203090248879093771e-01
-6.799533787224217862e-01
-6.374239897486924100e-01
-5.928568201610621147e-01
-5.463943467342720073e-01
-4.981851053394938389e-01
-4.483832160900352859e-01
-3.971478906347837290e-01
-3.446429231745201660e-01
-2.910361668282749892e-01
-2.364989970237278694e-01
-1.812057636271405536e-01
-1.253332335643074225e-01
-6.906002571440895965e-02
-1.256603988335574552e-02
4.396811831786179986e-02
1.003617148512118279e-01
1.564344650402278714e-01
2.120071099220517119e-01
2.669019893203726790e-01
3.209436098072067090e-01
3.739592057377977286e-01
4.257792915650700505e-01
4.762382036679366215e-01
5.251746299612932711e-01
5.724321255945885589e-01
6.178596130903322159e-01
6.613118653236498279e-01
7.026499697988473070e-01
7.417417727387374260e-01
7.784623015670217860e-01
8.126941644330925030e-01
8.443279255020137430e-01
8.732624548099189310e-01
8.994052515663699676e-01
9.226727398701138894e-01
9.429905358928636350e-01
9.602936856769423990e-01
9.745268727865765701e-01
9.856445951489976043e-01
9.936113105200081730e-01
9.984015501089749112e-01
