# Noisy Modulated Signal (Noise Level: 0.268)
0.284486
-0.348667
0.354726
-0.332216
-0.071367
-0.071665
-0.573515
0.312898
0.451889
-0.059479
-0.378658
0.029506
0.879455
-0.306964
-0.990818
0.391661
0.859288
-0.269718
-0.432626
0.171753
0.771442
-0.064861
-1.244960
-0.294145
0.945702
0.131221
-1.784685
0.485412
1.258161
-0.100724
-1.112073
0.418485
1.041683
-0.334504
-1.188903
-0.117787
0.625912
0.235749
-0.692640
0.271929
0.769064
-0.073814
-0.736950
-0.422598
0.849366
-0.238489
-1.322911
0.398750
0.846243
-0.195725
-0.771869
0.291830
0.736572
-0.212102
-0.332180
0.338467
0.302262
0.284460
-0.500094
-0.424966
0.422032
-0.386679
-0.518965
0.168048
0.236681
-0.022374
0.237535
0.067912
-0.277362
-0.131143
-0.290747
0.054438
0.241378
-0.154723
0.397662
-0.029185
-0.543975
-0.403377
1.118123
0.082563
-0.586783
0.155690
0.444832
-0.167352
-1.318127
-0.650558
1.310676
-0.001384
-0.750814
0.272454
1.173321
-0.278162
-0.475638
-0.294184
1.119937
0.204243
-1.115530
0.039468
0.864534
0.205587
-1.004559
-0.143003
1.111519
-0.036687
-1.249180
0.550367
0.874760
0.181942
-0.866272
-0.258417
0.574524
0.073786
-0.914329
-0.215951
0.834801
0.013982
0.105812
-0.118706
0.256222
-0.084549
-0.719947
0.346287
0.071342
0.242741
-0.394862
-0.033666
0.042645
0.338447
-0.317018
-0.548763
-0.032167
0.140973
-0.146786
-0.426811
-0.022481
-0.257905
0.367940
-0.474474
-0.224629
0.100383
0.277220
-0.167791
-0.230596
0.190118
0.619087
-0.025255
-0.719292
0.401394
0.716104
-0.030327
-1.030917
0.164994
0.758494
0.007608
-0.972965
-0.188631
0.493556
0.111708
-1.471807
-0.167332
0.310778
0.177701
-1.299452
0.515742
1.208789
-0.255809
-1.067890
-0.073774
0.964718
-0.112822
-0.969796
0.039395
0.679435
0.171361
-0.688506
0.224547
0.808292
-0.436704
-0.860373
-0.527758
0.917979
-0.514562
-0.403254
0.144274
0.746298
0.288231
-0.522739
-0.481550
1.029390
-0.082268
0.012876
0.285498
-0.106271
0.125586
-0.241465
-0.376259
-0.117377
0.103575
0.039759
0.002865
-0.178817
-0.183902
0.011887
-0.345824
-0.753736
-0.244791
0.692759
-0.334705
-0.326016
-0.026009
0.721865
0.183442
-1.050237
-0.084189
1.154873
-0.454401
-0.777811
-0.110570
0.704777
-0.057822
-1.419079
-0.181434
1.014838
-0.100574
-1.273294
0.304577
0.812104
-0.181533
-1.281936
-0.363484
1.260995
-0.392565
-0.953493
-0.494532
1.374174
-0.452413
-0.999561
0.172495
1.021758
-0.108655
-0.644052
0.337644
1.299722
0.203504
-1.082957
0.250537
0.552766
-0.102953
-0.693965
-0.032221
0.843188
-0.080217
-0.275209
-0.402420
0.383820
0.681348
-0.255361
-0.131816
0.250799
0.166326
-0.529212
-0.254497
0.172395
-0.310404
0.187620
0.159808
-0.358423
0.478189
-0.389947
0.111406
-0.363277
0.010135
0.280023
-0.202092
-0.234552
0.015947
0.582318
-0.401667
-0.747306
-0.236432
0.735641
-0.285733
-0.790271
-0.498521
1.313347
0.037073
-1.181328
0.201589
0.618212
-0.485203
-1.063380
0.206262
1.281260
0.138034
-1.118751
0.214666
1.059234
-0.120467
-1.219439
0.367069
1.219821
0.050124
-0.918330
-0.292428
0.938986
-0.036791
-0.624916
-0.138175
0.941790
0.286264
-0.687446
0.109992
0.900036
0.098124
-0.321806
0.181461
0.464510
0.171130
-0.556482
-0.119919
-0.257784
-0.261104
-0.117263
0.284219
-0.143464
-0.414613
-0.211976
0.296851
-0.013298
-0.010585
-0.045678
0.016193
-0.043470
-0.141271
0.530343
0.038128
-0.242611
0.181798
0.402991
0.162400
-0.325226
0.227142
0.167089
0.189436
-0.320071
0.351144
0.914021
-0.259930
-0.769473
0.047030
0.361410
-0.135755
-1.053095
0.168913
0.960741
-0.031529
-0.834928
-0.110222
0.974160
-0.299524
-1.264585
-0.088418
1.252591
0.249167
-1.110264
-0.258714
1.928675
-0.014188
-1.338947
0.036088
0.587239
-0.122819
-1.044752
-0.234390
1.028411
0.173570
-1.311585
0.004845
0.848310
-0.070578
-1.289289
0.317145
0.648374
0.108643
-0.851770
0.018510
0.593878
-0.143992
-0.230033
0.303144
-0.047809
0.091119
0.244990
0.398648
0.389567
-0.254537
-0.440474
-0.204276
-0.285630
-0.017829
0.071968
0.105497
-0.281764
0.372785
0.038480
0.590026
-0.292081
-0.371411
0.404505
-0.161661
-0.558600
0.148636
0.550192
-0.019488
-0.625206
0.275043
0.458191
0.005522
-1.226425
-0.430108
0.978931
-0.296060
-0.880701
0.372150
0.696950
0.089964
-1.069829
-0.194355
0.963109
-0.107762
-0.691555
-0.446758
0.703233
-0.248296
-0.854843
-0.666110
0.892492
-0.138768
-0.844991
-0.381228
0.479185
-0.109214
-0.962040
0.114703
0.547323
-0.157892
-1.211428
0.020414
-0.095978
-0.115940
-0.082119
0.127389
0.448538
0.105420
-0.277186
-0.107069
0.083702
-0.038632
-0.112511
0.271089
-0.004288
0.442995
0.009164
-0.310118
-0.072954
0.566655
-0.248122
0.010493
-0.064887
0.047708
-0.540826
0.104076
0.370977
0.289856
-0.595135
0.282327
1.115674
-0.053291
-0.938806
0.135697
1.135184
-0.438593
-1.426223
0.067556
0.847701
-0.174992
-0.577001
-0.012078
1.077259
0.398486
-1.306231
0.033198
1.139532
-0.557515
-0.694791
0.094266
0.487049
0.035402
-0.987397
-0.016164
0.548227
-0.552266
-0.818227
-0.189118
0.870373
-0.163251
-1.046517
0.302110
0.268856
-0.081763
-0.611259
0.222134
1.047559
-0.286311
-0.841334
0.091429
0.849396
-0.417315
-0.411067
-0.287051
0.035859
0.206374
-0.481371
0.049169
0.480142
-0.103590
-0.133318
-0.399908
0.039758
0.036994
0.245167
-0.075849
0.213813
0.730081
-0.136162
0.575170
0.710207
0.214870
-0.295175
-0.209388
0.657982
-0.357888
-0.713039
0.056231
0.978676
0.203056
-1.015262
-0.176988
0.595164
0.481453
-1.179835
-0.032415
0.774490
0.347991
-0.673460
0.032075
1.248224
-0.480424
-0.551123
0.154463
1.278406
0.084760
-0.525081
0.121415
0.674434
0.272319
-1.006916
0.288237
1.080017
0.071612
-0.747269
-0.285209
0.240634
-0.302320
-0.624107
0.206179
0.341329
-0.067453
-0.491666
-0.032236
0.901601
-0.087249
-0.115499
-0.443353
0.449847
-0.022736
-0.435104
-0.262350
0.433777
0.226923
-0.501994
-0.220898
-0.494551
0.219879
0.098578
0.068976
0.174884
0.403568
-0.759448
0.027563
0.030437
0.118876
-0.042240
0.379207
0.799647
-0.062616
-0.129781
-0.045012
0.911981
-0.008384
-0.769925
0.091414
0.501694
0.490639
-0.638780
-0.026958
0.958882
0.101029
-1.231939
0.097911
0.977458
0.125233
-0.609056
0.477263
0.972305
0.127379
-1.488778
0.182038
1.372509
-0.061895
-1.323121
0.132584
0.744469
0.084138
-0.976894
-0.253239
1.398563
-0.124898
-0.935520
0.199589
0.940909
-0.006704
-0.651246
-0.393395
0.766746
0.036552
-0.566983
0.129988
0.347122
0.427486
-0.647029
-0.072862
0.238986
0.399117
0.126617
0.002520
-0.259491
-0.208491
-0.169067
0.166389
