# Noisy Modulated Signal
0.041820
0.017330
0.254661
-0.037002
0.192511
0.056374
-0.082291
-0.105580
0.077653
0.032760
0.113640
0.067728
0.158704
0.057671
-0.013775
0.001415
0.069350
-0.108301
-0.058246
-0.009808
0.026115
0.166708
-0.016493
-0.136395
-0.136874
0.194997
-0.087773
-0.010205
-0.007639
0.172404
-0.008726
-0.041920
0.129532
0.027691
0.127231
0.073867
0.189674
0.284476
0.116844
0.226263
0.311986
0.230465
0.256121
0.385222
0.435415
0.371605
0.297053
0.295618
0.444580
0.524523
0.354986
0.597245
0.587108
0.391012
0.665243
0.591535
0.568519
0.781502
0.825795
0.652261
0.579670
0.645810
0.541026
0.557294
0.412676
0.441622
0.598580
0.457849
0.333945
0.283032
0.221057
0.189336
0.263982
0.075945
0.159235
0.055653
-0.062016
0.005203
-0.353651
-0.178340
-0.153909
-0.454155
-0.236445
-0.492115
-0.536086
-0.718922
-0.694793
-0.798900
-0.660643
-0.832478
-0.978102
-0.846994
-1.074816
-0.889959
-0.970347
-1.215311
-0.878462
-0.950604
-1.025794
-0.931654
-1.035437
-0.999780
-1.036842
-0.724958
-0.825699
-0.765264
-0.801235
-0.811283
-0.743367
-0.817307
-0.666441
-0.383866
-0.442235
-0.473060
-0.580353
-0.303933
-0.396706
-0.091460
-0.051995
-0.323287
-0.170072
-0.269457
-0.168339
0.002337
0.091252
0.192501
-0.064027
-0.102816
-0.064168
0.177706
-0.131842
-0.003191
0.025299
-0.179003
-0.071310
-0.173528
0.134225
-0.341193
-0.257825
-0.421458
-0.438873
-0.400058
-0.537019
-0.604266
-0.480263
-0.663541
-0.613753
-0.717571
-0.854246
-0.922391
-0.616898
-0.841352
-0.889443
-0.849027
-0.761859
-0.878519
-0.754802
-0.836354
-0.764348
-0.881706
-0.652395
-0.893112
-0.694534
-0.700739
-0.607295
-0.719008
-0.630611
-0.564707
-0.411785
-0.476937
-0.285647
-0.229823
-0.101466
0.058375
0.008144
0.066587
0.134954
0.152001
0.142051
0.219420
0.253679
0.297113
0.458141
0.343242
0.620277
0.543093
0.719579
0.825987
0.485171
0.692221
0.670787
0.616187
0.678119
0.533157
0.486781
0.706732
0.428496
0.543703
0.309706
0.461779
0.420689
0.304135
0.416834
0.304398
0.102417
0.246200
0.198425
0.168160
0.023392
-0.162214
0.114256
-0.040022
0.025860
-0.214136
-0.160841
-0.173089
0.019295
-0.352230
-0.092402
-0.291842
-0.072812
0.045440
-0.115645
-0.130090
-0.117622
-0.001524
-0.028449
0.037085
0.143539
0.132691
0.312744
0.197776
0.165407
0.518606
0.559423
0.528859
0.613158
0.543674
0.541706
0.836858
0.705775
0.670763
0.931354
0.892873
1.051333
0.991237
1.218135
1.085739
1.194650
1.191203
1.053458
1.298601
1.296577
1.164341
1.104381
1.014685
0.859363
0.958569
1.019816
0.880118
0.853462
0.901006
0.601587
0.549699
0.421711
0.576981
0.488191
0.477832
0.325750
0.250742
0.278832
0.361431
-0.045014
0.243899
-0.037207
-0.078148
-0.058234
-0.131269
-0.074247
-0.110013
-0.260940
-0.046539
-0.212191
-0.233587
-0.071366
-0.098791
-0.117706
0.055910
-0.070431
0.026884
-0.045876
-0.016087
0.100484
0.086459
0.234363
0.303021
0.490569
0.242748
0.405891
0.377562
0.456726
0.476543
0.614029
0.572649
0.494794
0.372400
0.686270
0.641117
0.619873
0.606590
0.647443
0.552888
0.617823
0.560782
0.675955
0.361252
0.568260
0.124389
0.451035
0.479181
0.446336
0.353116
0.167333
0.111928
0.024019
0.133040
-0.100387
-0.148903
-0.199927
-0.461217
-0.346107
-0.356973
-0.525818
-0.523834
-0.630011
-0.727495
-0.625471
-0.852565
-0.751593
-0.875942
-0.742293
-0.813744
-0.993642
-0.887047
-0.991367
-0.891971
-0.968662
-1.041061
-0.996292
-1.092108
-0.983528
-1.050942
-0.857640
-0.857659
-0.885530
-0.965132
-0.972510
-0.772916
-0.850002
-0.627704
-0.802057
-0.864809
-0.826034
-0.929935
-0.578853
-0.307818
-0.436898
-0.325222
-0.372519
-0.401662
-0.276037
-0.310428
-0.170398
-0.001471
0.017381
0.004276
0.121870
0.068742
0.220038
0.511027
0.281626
0.336254
0.389580
0.422523
0.672289
0.674445
0.625694
0.709370
0.691603
0.816904
1.072675
0.554304
1.072944
0.882152
0.854312
0.932583
1.003144
0.939905
0.799792
1.075543
