# Noisy Modulated Signal (Noise Level: 0.0)
0.004517
0.004763
0.004988
0.005191
0.005369
0.005516
0.005633
0.005714
0.005758
0.005763
0.005728
0.005649
0.005527
0.005360
0.005148
0.004890
0.004586
0.004237
0.003844
0.003407
0.002930
0.002413
0.001858
0.001269
0.000649
0.000000
-0.000673
-0.001368
-0.002079
-0.002803
-0.003535
-0.004271
-0.005006
-0.005735
-0.006454
-0.007157
-0.007842
-0.008501
-0.009133
-0.009731
-0.010292
-0.010812
-0.011288
-0.011715
-0.012092
-0.012415
-0.012684
-0.012894
-0.013045
-0.013136
-0.013167
-0.013136
-0.013045
-0.012894
-0.012684
-0.012415
-0.012092
-0.011715
-0.011288
-0.010812
-0.010292
-0.009731
-0.009133
-0.008501
-0.007842
-0.007157
-0.006454
-0.005735
-0.005006
-0.004271
-0.002140
-0.001616
-0.001137
-0.000706
-0.000325
0.000000
0.000268
0.000478
0.000627
0.000715
0.000742
0.000708
0.000615
0.000464
0.000259
0.000000
-0.000308
-0.000660
-0.001053
-0.001482
-0.001942
-0.002427
-0.002932
-0.003449
-0.003975
-0.004500
-0.005020
-0.005529
-0.006020
-0.006486
-0.006924
-0.011579
-0.011664
-0.011694
-0.011667
-0.011581
-0.011438
-0.011237
-0.010978
-0.010663
-0.010292
-0.009866
-0.009390
-0.008863
-0.008290
-0.007673
-0.007017
-0.006323
-0.005599
-0.004845
-0.004069
-0.003273
-0.002464
-0.001645
-0.000822
0.000000
0.000817
0.001623
0.002414
0.003184
0.003931
0.004649
0.005334
0.005983
0.006592
0.007157
0.007678
0.008150
0.008570
0.008939
0.005602
0.005487
0.005317
0.005093
0.004819
0.004500
0.004141
0.003744
0.003320
0.002869
0.002401
0.001920
0.001434
0.000947
0.000468
0.000000
-0.000449
-0.000872
-0.001266
-0.001624
-0.001942
-0.002215
-0.002439
-0.002609
-0.002725
-0.002781
-0.002777
-0.002712
-0.002584
-0.002392
-0.002140
-0.002885
-0.002203
-0.001492
-0.000756
0.000000
0.000772
0.001557
0.002348
0.003141
0.003931
0.004714
0.005484
0.006237
0.006968
0.007673
0.008347
0.008985
0.009585
0.010141
0.010652
0.011113
0.011523
0.011877
0.012175
0.012415
0.012596
0.012718
0.012779
0.012780
0.012721
0.012604
0.012429
0.012199
0.011916
0.011581
0.011199
0.010772
0.010303
0.009796
0.012909
0.012361
0.011754
0.011089
0.010370
0.009600
0.008782
0.007921
0.007020
0.006084
0.005118
0.004125
0.003112
0.002084
0.001044
0.000000
-0.001044
-0.002084
-0.003112
-0.004125
-0.005118
-0.006084
-0.007020
-0.007921
-0.008782
-0.009600
-0.010370
-0.011089
-0.011754
-0.012361
-0.012909
-0.009796
-0.010303
-0.010772
-0.011199
-0.011581
-0.011916
-0.012199
-0.012429
-0.012604
-0.012721
-0.012780
-0.012779
-0.012718
-0.012596
-0.012415
-0.012175
-0.011877
-0.011523
-0.011113
-0.010652
-0.010141
-0.009585
-0.008985
-0.008347
-0.007673
-0.006968
-0.006237
-0.005484
-0.004714
-0.003931
-0.003141
-0.002348
-0.001557
-0.000772
0.000000
0.000756
0.001492
0.002203
0.002885
0.004931
0.005906
0.006865
0.007804
0.008717
0.009600
0.010447
0.011255
0.012019
0.012734
0.013398
0.014006
0.014555
0.015043
0.015466
0.015823
0.016111
0.016331
0.016479
0.016555
0.016561
0.016494
0.016357
0.016151
0.015875
0.015533
0.015127
0.014657
0.014130
0.013546
0.012909
0.008939
0.008570
0.008150
0.007678
0.007157
0.006592
0.005983
0.005334
0.004649
0.003931
0.003184
0.002414
0.001623
0.000817
0.000000
-0.000822
-0.001645
-0.002464
-0.003273
-0.004069
-0.004845
-0.005599
-0.006323
-0.007017
-0.007673
-0.008290
-0.008863
-0.009390
-0.009866
-0.010292
-0.010663
-0.010978
-0.011237
-0.011438
-0.011581
-0.011667
-0.011694
-0.011664
-0.011579
-0.006924
-0.006486
-0.006020
-0.005529
-0.005020
-0.004500
-0.003975
-0.003449
-0.002932
-0.002427
-0.001942
-0.001482
-0.001053
-0.000660
-0.000308
0.000000
0.000259
0.000464
0.000615
0.000708
0.000742
0.000715
0.000627
0.000478
0.000268
0.000000
-0.000325
-0.000706
-0.001137
-0.001616
-0.002140
-0.004271
-0.005006
-0.005735
-0.006454
-0.007157
-0.007842
-0.008501
-0.009133
-0.009731
-0.010292
-0.010812
-0.011288
-0.011715
-0.012092
-0.012415
-0.012684
-0.012894
-0.013045
-0.013136
-0.013167
-0.013136
-0.013045
-0.012894
-0.012684
-0.012415
-0.012092
-0.011715
-0.011288
-0.010812
-0.010292
-0.009731
-0.009133
-0.008501
-0.007842
-0.007157
-0.006454
-0.005735
-0.005006
-0.004271
-0.002140
-0.001616
-0.001137
-0.000706
-0.000325
0.000000
0.000268
0.000478
0.000627
0.000715
0.000742
0.000708
0.000615
0.000464
0.000259
0.000000
-0.000308
-0.000660
-0.001053
-0.001482
-0.001942
-0.002427
-0.002932
-0.003449
-0.003975
-0.004500
-0.005020
-0.005529
-0.006020
-0.006486
-0.006924
-0.011579
-0.011664
-0.011694
-0.011667
-0.011581
-0.011438
-0.011237
-0.010978
-0.010663
-0.010292
-0.009866
-0.009390
-0.008863
-0.008290
-0.007673
-0.007017
-0.006323
-0.005599
-0.004845
-0.004069
-0.003273
-0.002464
-0.001645
-0.000822
0.000000
0.000817
0.001623
0.002414
0.003184
0.003931
0.004649
0.005334
0.005983
0.006592
0.007157
0.007678
0.008150
0.008570
0.008939
0.012909
0.013546
0.014130
0.014657
0.015127
0.015533
0.015875
0.016151
0.016357
0.016494
0.016561
0.016555
0.016479
0.016331
0.016111
0.015823
0.015466
0.015043
0.014555
0.014006
0.013398
0.012734
0.012019
0.011255
0.010447
0.009600
0.008717
0.007804
0.006865
0.005906
0.004931
0.002885
0.002203
0.001492
0.000756
0.000000
-0.000772
-0.001557
-0.002348
-0.003141
-0.003931
-0.004714
-0.005484
-0.006237
-0.006968
-0.007673
-0.008347
-0.008985
-0.009585
-0.010141
-0.010652
-0.011113
-0.011523
-0.011877
-0.012175
-0.012415
-0.012596
-0.012718
-0.012779
-0.012780
-0.012721
-0.012604
-0.012429
-0.012199
-0.011916
-0.011581
-0.011199
-0.010772
-0.010303
-0.009796
-0.012909
-0.012361
-0.011754
-0.011089
-0.010370
-0.009600
-0.008782
-0.007921
-0.007020
-0.006084
-0.005118
-0.004125
-0.003112
-0.002084
-0.001044
0.000000
0.001044
0.002084
0.003112
0.004125
0.005118
0.006084
0.007020
0.007921
0.008782
0.009600
0.010370
0.011089
0.011754
0.012361
0.012909
0.009796
0.010303
0.010772
0.011199
0.011581
0.011916
0.012199
0.012429
0.012604
0.012721
0.012780
0.012779
0.012718
0.012596
0.012415
0.012175
0.011877
0.011523
0.011113
0.010652
0.010141
0.009585
0.008985
0.008347
0.007673
0.006968
0.006237
0.005484
0.004714
0.003931
0.003141
0.002348
0.001557
0.000772
0.000000
-0.000756
-0.001492
-0.002203
-0.002885
-0.002140
-0.002392
-0.002584
-0.002712
-0.002777
-0.002781
-0.002725
-0.002609
-0.002439
-0.002215
-0.001942
-0.001624
-0.001266
-0.000872
-0.000449
0.000000
0.000468
0.000947
0.001434
0.001920
0.002401
0.002869
0.003320
0.003744
0.004141
0.004500
0.004819
0.005093
0.005317
0.005487
0.005602
0.008939
0.008570
0.008150
0.007678
0.007157
0.006592
0.005983
0.005334
0.004649
0.003931
0.003184
0.002414
0.001623
0.000817
0.000000
-0.000822
-0.001645
-0.002464
-0.003273
-0.004069
-0.004845
-0.005599
-0.006323
-0.007017
-0.007673
-0.008290
-0.008863
-0.009390
-0.009866
-0.010292
-0.010663
-0.010978
-0.011237
-0.011438
-0.011581
-0.011667
-0.011694
-0.011664
-0.011579
