# Noisy Modulated Signal (Noise Level: 0.19)
-0.094932
-0.173470
0.245091
-0.078568
0.437237
0.068752
0.087854
-0.085510
0.030880
0.403742
0.411419
0.143503
0.140958
-0.178258
-0.052986
-0.218776
0.095749
-0.381376
0.081119
-0.046780
0.076925
0.016626
0.156718
0.024028
0.281037
-0.577833
0.450017
-0.116435
-0.018917
-0.130941
0.022586
0.321960
-0.075602
-0.104941
0.003011
0.143396
0.266821
0.277562
-0.060970
0.245536
0.497694
0.062407
-0.019531
0.474122
0.533422
0.595605
0.387824
0.301884
0.736939
0.508001
0.517228
0.688559
0.708102
0.401658
0.465775
0.628279
0.706316
0.467376
0.551460
0.807796
0.445191
0.214402
0.948064
0.630283
0.652596
0.284561
0.448879
0.581857
0.017982
0.364032
0.170160
0.439962
0.265181
0.120483
0.061441
-0.247768
-0.088429
0.056618
0.072540
-0.510400
-0.623164
-0.200811
-0.773121
-0.624541
-0.455573
-0.408087
-0.963240
-0.645305
-0.754783
-0.885122
-1.043241
-1.107023
-1.076507
-1.043887
-0.656228
-0.997296
-1.118983
-1.153582
-1.206931
-0.812284
-0.811394
-0.785829
-0.528843
-1.047881
-0.803699
-0.693204
-0.865400
-0.981121
-0.895862
-0.636715
-0.458627
-0.404670
-0.326790
-0.627223
-0.384248
-0.263403
-0.607515
-0.179401
-0.232877
-0.028175
-0.465947
0.064971
-0.117530
-0.160656
-0.072912
-0.029488
0.107078
0.099562
-0.044241
0.073777
0.116663
-0.063060
-0.212918
-0.225480
-0.178851
-0.081925
-0.156927
-0.250878
-0.336191
-0.544091
-0.282200
-0.693552
-0.467748
-0.612212
-0.826950
-0.661673
-0.903625
-0.603491
-0.664212
-0.805314
-1.153132
-0.669674
-0.759350
-0.729141
-0.974452
-0.845695
-0.532108
-0.987527
-0.956898
-0.604722
-0.747980
-0.575373
-0.795668
-0.517326
-0.902087
-1.017746
-0.483070
-0.222302
-0.491347
-0.206376
-0.367326
-0.251591
-0.306923
-0.465589
0.108539
0.110577
-0.056896
-0.179586
0.381287
-0.099192
0.123625
0.227086
0.561200
0.498111
0.504905
0.444907
0.850981
0.525984
0.848671
0.722100
0.418233
0.522859
0.769442
0.460674
0.159108
0.346198
0.391337
0.493421
0.090493
0.603803
0.384384
0.345790
0.563009
0.377935
0.002803
0.374873
0.130907
0.441719
0.276358
0.051945
-0.151594
0.053364
-0.350780
-0.023178
0.042683
0.168362
-0.037363
-0.215516
-0.414729
-0.298018
0.218294
-0.126293
-0.229436
0.095601
-0.294414
-0.131295
0.059221
-0.123844
0.422838
0.185411
0.219806
-0.025468
0.713229
0.248315
0.486125
0.284801
0.407612
0.513543
0.644914
0.766070
0.778196
1.187774
0.867036
1.285024
1.052550
0.706126
1.138647
1.084310
1.021331
0.910507
0.809700
1.327321
1.296034
0.850015
0.815034
1.202397
0.914045
0.861028
1.074188
1.124244
0.590451
0.833066
0.784415
0.554542
0.938221
0.225044
0.317552
0.369555
0.242318
0.523466
0.285336
0.006804
0.012998
0.357057
-0.019079
0.157981
-0.073873
-0.389105
-0.004534
-0.312572
0.069949
-0.066325
-0.022157
-0.289358
-0.075241
-0.279208
0.036643
-0.205053
-0.132858
-0.000543
-0.213910
0.104755
-0.111193
-0.168769
0.052628
0.350656
0.089949
0.390360
0.276743
0.281826
0.489310
0.428475
0.338212
0.461059
0.472912
0.671920
0.494005
0.442333
0.472309
0.543511
0.533062
0.598174
0.676922
0.701364
0.336787
0.690191
0.391127
0.569690
0.401266
0.312116
0.703461
0.091207
0.321800
0.025710
-0.060202
-0.051773
-0.157817
-0.185490
0.003611
0.001528
-0.329325
-0.167862
-0.661516
-0.295306
-0.646214
-0.608172
-0.690782
-0.595376
-0.585615
-0.810568
-0.892586
-0.918678
-0.714574
-0.743901
-1.195470
-0.923849
-1.040952
-0.797988
-1.106257
-1.029604
-0.832318
-1.077988
-1.407224
-0.880422
-0.887381
-0.794831
-0.683484
-0.670762
-0.816008
-0.713260
-0.806443
-1.045728
-0.658372
-0.889528
-0.816439
-0.543379
-0.693348
-0.892607
0.045314
-0.471748
-0.543590
-0.217738
-0.099260
-0.575582
-0.076794
0.090659
0.072561
0.205719
0.235152
0.255976
0.376476
0.433908
0.475048
0.725216
0.419638
0.761357
0.794467
0.676468
0.425905
0.811232
1.225857
0.924332
0.506621
1.132129
1.055670
0.863567
1.174219
0.909111
0.944438
1.070517
