# Noisy Modulated Signal (Noise Level: 0.351)
-0.218696
-0.008240
-0.631788
-0.137110
1.142601
-0.831493
-0.755234
0.215558
1.077861
0.357417
-0.846390
0.392061
-0.012598
0.333718
-0.454676
-0.360224
-0.718171
0.195931
1.357490
-0.247769
-1.030159
0.466458
0.936813
-0.046445
-0.496661
0.097559
0.539555
-0.007514
0.138132
-0.336146
0.637423
0.095569
-0.409351
0.405367
1.381280
0.031546
-0.550482
0.214885
0.608475
-0.414763
-0.679920
0.080841
0.007908
-0.266880
0.054562
0.087339
0.688509
0.141645
-0.527055
-0.880700
1.146724
-0.003613
-0.779757
-0.085677
0.563897
-0.089173
0.566294
-0.310198
0.582023
-0.248066
0.507241
-0.417318
-0.922432
-0.318975
0.898017
0.300792
-1.283998
0.200584
-0.089655
0.093934
-0.092695
-0.170906
-0.283317
0.011444
1.206290
0.245588
-0.840125
1.008459
1.157590
0.654573
-0.717754
0.047645
0.483314
-0.300980
-0.531706
-0.370104
-0.101491
0.608232
0.922262
-0.295163
-1.232300
-0.604997
1.346855
0.257188
-0.757128
-0.033652
0.772454
0.100423
0.230055
-0.782624
0.792252
0.046204
-0.298900
0.425900
1.382657
-0.221218
0.038794
0.570165
1.415618
-0.639952
-1.055723
-0.195816
-0.014371
-0.320913
-0.335870
0.151297
0.675465
0.015466
-1.019301
-0.391462
0.858362
0.122379
-0.449042
0.283123
0.520764
-0.210879
-0.429651
-0.572302
-0.685685
0.262018
0.549635
0.130780
-0.929003
0.135891
1.347772
-0.377287
-0.601996
-0.284169
0.820065
-0.527792
