# Noisy Modulated Signal (Noise Level: 0.08)
-0.079642
-0.036915
0.057018
0.046752
-0.053144
-0.135587
0.082472
-0.023447
-0.119012
-0.036079
0.090525
-0.047496
-0.046917
0.028988
-0.039461
-0.013653
-0.152875
0.164181
-0.039189
0.078503
0.040681
0.030424
-0.037239
0.057537
-0.090986
0.015100
0.023054
-0.105789
0.010883
0.070929
-0.119920
0.064838
0.153307
-0.119720
-0.015578
0.102417
0.030530
-0.036408
0.141303
-0.036008
0.070872
0.087039
0.027173
-0.002711
-0.234256
-0.007341
-0.029177
-0.048420
-0.000094
-0.052900
0.022658
0.035317
-0.085256
-0.117679
-0.051248
-0.150386
0.013539
-0.007025
0.002056
-0.005463
-0.098522
0.034332
-0.029836
-0.037620
-0.028119
0.010148
-0.091238
-0.011739
-0.046088
-0.026106
0.023865
-0.043319
0.078890
-0.063098
-0.049402
-0.018171
-0.007169
0.046693
0.042945
0.003051
-0.047658
-0.032845
-0.077984
0.113472
0.043323
0.142825
0.077304
-0.059953
0.034912
0.055741
-0.005980
-0.093048
-0.055363
0.012310
-0.103748
0.119515
-0.090292
-0.009118
-0.119519
-0.114151
-0.129977
0.020818
0.070611
-0.004902
-0.155066
0.049924
-0.090925
0.027302
-0.086100
0.061466
-0.067261
0.065325
0.028335
-0.097045
-0.037354
-0.106077
0.034744
-0.069072
0.004416
0.074208
0.008378
-0.055819
-0.092478
-0.022771
-0.006394
0.035599
-0.031833
0.038895
0.078094
0.086717
-0.010696
-0.085110
-0.021015
-0.075170
-0.036447
0.004555
0.069604
0.127827
-0.068288
-0.146620
-0.050622
-0.011605
-0.024578
0.092293
-0.052102
0.191196
0.018355
-0.068891
-0.020210
0.032553
-0.140607
-0.112449
0.046314
0.193938
0.018217
0.008568
-0.127992
-0.050563
-0.102642
-0.056498
0.103244
-0.001909
-0.046929
0.060772
-0.062874
0.020318
-0.032898
0.064946
0.008727
-0.123835
-0.086680
0.022445
-0.005883
0.079371
-0.060619
0.057258
0.019682
-0.021715
-0.003733
-0.006841
-0.062443
-0.084623
-0.129345
-0.074569
0.081591
0.125608
-0.062817
0.088664
0.032724
-0.001789
-0.009585
-0.061401
0.148713
-0.043094
-0.094151
0.128493
0.070865
0.087354
-0.068649
0.016600
0.057898
0.149068
0.106085
-0.004535
0.084562
0.170552
-0.062912
0.026870
0.202175
-0.016580
0.087258
-0.147129
0.008588
-0.125464
-0.130834
0.049058
0.006713
-0.135047
-0.013948
0.003320
-0.081367
-0.094508
-0.083281
-0.016122
-0.011557
0.061550
-0.021890
-0.161195
-0.175488
-0.025250
-0.074363
-0.126743
-0.107187
-0.018672
-0.078246
0.159824
0.074262
0.096817
-0.079103
-0.010309
-0.018512
-0.013790
-0.061977
0.073778
0.024454
-0.090218
0.008361
-0.059224
0.107682
0.058235
0.237262
0.062900
0.028167
0.040924
-0.030106
0.105894
-0.060408
0.004912
-0.034042
0.031198
0.117354
0.094819
-0.108831
0.016338
0.020057
0.071918
-0.172977
-0.078566
-0.049482
-0.151684
0.150706
-0.041877
0.029999
0.165291
0.024399
0.123941
-0.089304
0.034609
0.058360
-0.042141
0.197206
0.061896
0.100836
0.189695
-0.027537
-0.110935
-0.041955
0.147134
-0.044797
0.029232
-0.138925
0.076478
0.019417
0.055500
0.105683
0.035391
0.179670
-0.051296
0.002810
0.114605
-0.019144
0.213281
-0.054861
0.117380
0.175594
-0.072822
-0.040261
-0.063053
0.082130
0.076426
-0.104088
0.082003
0.058765
-0.121575
0.030467
-0.030226
-0.002621
0.013472
-0.027294
-0.067461
0.167269
-0.000178
0.008904
0.204328
-0.022119
0.240646
0.042704
-0.237836
0.088205
-0.030640
-0.071947
-0.037518
0.130573
-0.090337
-0.037495
0.029208
-0.123341
0.026709
-0.043860
0.113947
0.023497
-0.050035
-0.148967
-0.011596
0.044466
0.055036
0.006786
-0.038328
-0.007333
0.030694
-0.108384
-0.041182
-0.056627
0.023900
-0.007156
-0.029778
-0.007507
0.021615
-0.075271
0.016020
-0.098627
0.052064
-0.077008
-0.044913
-0.058517
-0.031331
0.174348
-0.107224
-0.175862
-0.105725
0.169790
-0.008455
-0.014530
-0.007144
-0.052380
-0.084480
-0.033236
-0.056155
0.222328
-0.039376
0.095618
0.097245
-0.075522
0.026997
-0.035656
0.062841
-0.021382
-0.053440
-0.054084
-0.057473
-0.008419
-0.066834
-0.055379
0.025099
0.000395
-0.012721
0.003769
-0.029284
0.086338
-0.014052
-0.144511
-0.050964
-0.086488
-0.116219
-0.018071
0.043965
-0.006190
0.126944
-0.142806
-0.101578
0.014868
-0.034358
0.064056
-0.082692
0.006501
-0.084711
-0.043027
-0.056547
0.017034
0.089790
-0.020470
-0.012965
0.070471
-0.022937
-0.003574
-0.047386
-0.041473
-0.044403
-0.280654
-0.060827
-0.012889
0.102550
-0.033691
-0.046289
-0.003811
0.035127
0.019617
-0.040774
-0.050201
-0.006624
0.112133
0.026860
0.015568
-0.037496
0.088494
-0.012197
-0.007216
-0.035001
0.102215
-0.023141
-0.100412
0.066834
-0.159212
-0.088513
-0.081321
-0.053932
-0.088968
-0.051701
0.033684
0.035485
-0.031299
-0.042137
-0.061620
-0.102025
-0.013399
-0.057126
0.091472
-0.111024
-0.167380
-0.029578
0.030715
0.064848
0.109071
-0.136388
-0.093350
-0.003708
0.083973
-0.091527
0.025449
0.101204
-0.061432
-0.035178
-0.075120
0.002462
0.075943
-0.002893
-0.044520
-0.135994
-0.112219
0.199754
-0.003120
-0.037546
-0.056632
0.012936
0.021007
-0.035482
0.065310
0.092131
-0.016302
-0.010964
0.027897
-0.185534
0.091203
-0.036996
0.079187
0.054903
0.022061
0.013198
0.102297
-0.131406
0.083607
0.018384
-0.028667
-0.025302
-0.142175
-0.057850
-0.026957
0.122585
0.017270
0.022436
0.034637
0.053678
0.179954
0.135191
-0.003306
0.112514
-0.043015
0.005445
-0.041465
0.048144
-0.002853
0.001475
0.016775
-0.156563
0.033342
-0.106174
0.062008
0.138648
0.030068
-0.069621
0.108588
0.002254
0.023143
0.151459
0.037437
0.027572
-0.007816
-0.054308
-0.023056
-0.021818
-0.014599
-0.045356
0.043269
-0.016846
0.024612
0.056893
-0.031671
0.080211
0.093744
0.025084
0.020878
0.071021
-0.029591
0.033982
-0.006932
-0.116860
0.034561
-0.109842
-0.010209
0.057530
-0.034974
-0.131253
0.039419
0.050793
0.013869
0.014016
0.094192
0.039061
-0.040588
0.061695
0.070482
0.029623
-0.092752
0.023284
0.158215
-0.040475
0.004445
-0.005700
0.048258
0.165068
0.018702
0.049670
-0.073485
0.035446
0.059443
0.047908
0.066329
0.092045
-0.001453
-0.152237
-0.078677
0.091930
0.071140
0.008228
0.057685
0.069977
0.075500
0.033724
0.064960
0.031069
-0.044642
-0.035526
-0.023301
0.005754
-0.043677
-0.031556
-0.032932
0.028400
-0.083372
-0.108523
-0.023407
-0.041037
0.056574
0.040998
0.079899
0.034190
-0.054525
0.058385
0.066867
0.132809
0.121457
0.074348
0.000670
0.022231
-0.050298
-0.121437
-0.008361
-0.101921
-0.013502
0.064477
0.086620
0.011392
0.047226
-0.005701
-0.005234
-0.030566
-0.125536
0.059285
-0.086462
0.008846
0.069135
0.012037
-0.068881
0.108691
-0.037589
0.017533
0.104716
0.014657
0.030712
-0.133923
0.080842
-0.018817
-0.019873
-0.006016
-0.016550
-0.051288
0.042245
-0.121579
0.030673
0.048040
-0.026641
-0.024225
0.004310
-0.010091
-0.050252
-0.014429
0.065982
0.137492
-0.062487
0.058789
0.166263
0.045278
-0.125748
0.034364
0.104563
-0.134549
0.060265
-0.081052
-0.034585
-0.045596
0.106215
-0.085799
0.036567
-0.030969
0.031365
-0.072102
-0.009718
-0.059103
-0.005413
0.071397
