# Noisy Modulated Signal (Noise Level: 0.032)
-0.037765
-0.017271
0.028024
0.016508
-0.024113
0.005260
0.035188
0.001186
-0.024687
0.012314
0.019898
-0.062745
-0.022397
-0.006857
0.033572
-0.018316
0.051727
0.081655
-0.023675
-0.043951
-0.032707
0.015594
0.012531
-0.023336
0.018180
0.004365
-0.016099
-0.032613
-0.019132
0.046442
0.024052
0.016987
0.047339
-0.006238
0.009991
0.017827
-0.000403
0.035265
0.007041
0.015813
-0.003957
0.061815
-0.020877
-0.023197
0.047317
-0.034368
-0.092891
-0.056973
0.084589
-0.044612
-0.068681
0.010030
0.090741
-0.002359
-0.005487
-0.010783
0.025881
-0.010772
-0.022455
0.076203
0.077971
0.003671
-0.096630
0.011178
0.057589
-0.031209
-0.111132
0.014378
0.105011
-0.007586
-0.036681
-0.032302
0.058158
-0.051192
-0.048510
0.062755
0.010993
0.029743
-0.023570
-0.008526
0.038616
-0.012027
-0.030366
-0.078299
0.026655
-0.023185
-0.046040
-0.040815
-0.036309
-0.062191
0.004491
0.016070
0.051575
-0.050219
0.017428
-0.025193
-0.054045
-0.057856
0.010655
-0.048411
-0.022436
-0.027642
0.020697
0.005152
-0.057360
-0.020238
0.094873
0.006457
-0.092545
-0.005213
0.073650
-0.006028
-0.069063
-0.038269
0.048513
-0.023005
-0.016140
0.009149
0.090289
0.016598
0.006304
-0.033885
0.012450
0.055969
-0.021292
-0.026065
0.026690
-0.033119
-0.049637
0.056329
0.088271
-0.007596
-0.042477
-0.038044
0.055998
0.006948
-0.091664
-0.013747
-0.024819
0.010917
-0.083954
0.026635
0.059225
-0.031689
-0.064438
0.038175
0.076670
-0.016768
-0.059603
-0.045224
0.014712
0.021848
-0.040418
-0.010291
0.028986
0.058183
-0.000945
-0.015128
-0.014480
0.016949
0.018581
-0.019549
-0.024930
0.047515
0.089890
0.011596
0.000811
-0.000126
0.015612
-0.006225
-0.061749
-0.019598
0.025822
-0.000928
-0.071834
-0.007082
0.026716
0.038687
-0.027186
-0.024644
0.028540
0.063793
-0.016573
-0.004226
0.070847
0.057268
-0.011418
0.020565
0.039057
-0.011197
0.018907
0.019211
-0.040211
0.017518
0.045368
0.001881
-0.069473
-0.029027
0.063763
0.036721
-0.055321
0.059035
0.008974
-0.021576
-0.030436
-0.011053
0.060382
-0.012690
0.010797
0.022591
0.021229
0.023974
-0.004675
-0.004630
-0.023683
-0.001902
0.012501
-0.003948
-0.012503
0.050784
0.069863
0.019553
-0.045448
0.004510
0.013152
-0.051863
-0.062438
0.012626
0.070588
0.021639
-0.056239
0.002001
0.092404
0.009058
-0.060023
0.017888
-0.076889
-0.024860
-0.014276
0.008010
0.026620
0.016130
-0.042815
0.040310
-0.020172
-0.028932
0.057716
0.011096
-0.008389
-0.013653
