# Noisy Modulated Signal (Noise Level: 0.07)
0.010188
0.074101
-0.008318
-0.085433
-0.063323
-0.106450
0.125448
-0.036018
-0.029937
0.136697
-0.049011
0.149084
0.066185
0.002422
0.228055
-0.023761
0.170509
-0.056884
0.051366
0.060721
-0.006668
0.086517
0.103717
0.056735
-0.093653
0.017380
-0.082118
0.022238
-0.010370
-0.031901
-0.179986
-0.066900
-0.139762
-0.261614
-0.082808
-0.220276
-0.268061
-0.181925
-0.263822
-0.233194
-0.336392
-0.355472
-0.380532
-0.397702
-0.451346
-0.392655
-0.444468
-0.457363
-0.539711
-0.484750
-0.503951
-0.573606
-0.500526
-0.612317
-0.739111
-0.543009
-0.635716
-0.550110
-0.504910
-0.427889
-0.412220
-0.303396
-0.529164
-0.421089
-0.308314
-0.523629
-0.479373
-0.356667
-0.340014
-0.277055
-0.245556
-0.194231
-0.161369
-0.163698
-0.060856
0.003787
0.077626
0.113637
0.193780
0.234097
0.073269
0.237303
0.209375
0.254912
0.264191
0.343067
0.221067
0.384674
0.408486
0.401553
0.378024
0.392794
0.508443
0.533257
0.330270
0.365966
0.486304
0.344944
0.282727
0.379504
0.285083
0.196801
0.063489
0.102000
0.144785
0.186550
0.055987
0.027026
-0.133893
-0.069581
-0.099763
0.029051
-0.107211
-0.053692
-0.167797
-0.144729
-0.070649
-0.123608
-0.069760
-0.028249
-0.052284
-0.003757
-0.013864
-0.060534
0.046545
-0.005950
0.101265
0.046610
-0.082303
0.184917
0.176005
0.085567
0.214070
0.206082
0.304378
0.367752
0.320089
0.250601
0.311687
0.362193
0.425794
0.374980
0.523034
0.415655
0.434515
0.458968
0.523147
0.511749
0.544181
0.408043
0.537528
0.502260
0.431201
0.386477
0.439993
0.348715
0.386706
0.315473
0.307189
0.204614
0.141187
0.200205
0.180725
0.236420
0.074260
0.115531
0.075630
-0.001495
0.036596
0.121866
-0.065255
-0.084256
-0.004442
-0.017906
-0.163360
-0.011005
-0.016297
0.042036
0.104071
-0.030036
0.116707
0.122898
0.112989
0.147504
0.117272
0.104070
0.213437
0.243585
0.251980
0.342817
0.402828
0.314962
0.409604
0.437015
0.489745
0.479957
0.360317
0.513721
0.530515
0.573083
0.528276
0.491616
0.586767
0.502875
0.515182
0.416108
0.466262
0.408412
0.359398
0.381113
0.297979
0.440716
0.306915
0.373681
0.251205
0.185295
0.213048
0.256874
0.099020
0.088547
0.146421
0.071776
0.141569
-0.079070
0.029393
0.047292
-0.031586
-0.090019
-0.031764
-0.046040
-0.005470
0.018929
0.074614
0.005457
0.058576
0.109737
0.178653
0.057532
0.170222
0.126599
0.157174
0.226390
0.414490
0.335977
0.281226
0.390295
0.297665
0.465418
0.452285
0.299530
0.512591
0.504492
0.435929
0.506034
0.548505
0.512986
0.437673
0.502323
0.372505
0.432978
0.339029
0.390498
0.222325
0.296593
0.331693
0.298879
0.298989
0.364631
0.231899
0.085134
0.152158
0.173932
0.058727
0.168466
0.010002
0.138975
0.031569
0.004015
-0.038939
-0.127540
-0.101549
0.046433
-0.134507
-0.073827
-0.054788
-0.098944
-0.096592
0.011221
-0.069480
-0.045481
-0.002911
-0.038398
-0.034811
0.053027
0.248985
0.125355
0.257265
0.201329
0.148673
0.185146
0.258835
0.357897
0.441209
0.385996
0.420161
0.384771
0.418328
0.472396
0.314847
0.282601
0.473893
0.410406
0.420959
0.299776
0.372048
0.346318
0.386215
0.348982
0.303284
0.207478
0.336273
0.093182
0.055076
0.088921
0.147435
0.020189
-0.015639
-0.193367
-0.337793
-0.218596
-0.345974
-0.337261
-0.269207
-0.348046
-0.512184
-0.589080
-0.686137
-0.691548
-0.729334
-0.821185
-0.761217
-0.782103
-0.948561
-0.849271
-0.905945
-0.942294
-0.879354
-1.039829
-0.903251
-0.965381
-0.951236
-0.985380
-1.048156
-0.904754
-0.926442
-0.938648
-0.961791
-0.911158
-0.922830
-0.808936
-0.867198
-0.721833
-0.741993
-0.567121
-0.621220
-0.646120
-0.715993
-0.565892
-0.455035
-0.302140
-0.356866
-0.308422
-0.174453
-0.179895
-0.026931
0.048880
0.130546
0.084171
0.137442
0.148537
0.273909
0.244065
0.244165
0.302966
0.330987
0.325724
0.422786
0.437968
0.423168
0.356660
0.351561
0.447761
0.425037
0.535730
0.302311
0.393520
0.353110
0.370108
0.378708
0.282058
0.365966
0.266108
0.208260
0.216926
0.018858
0.140308
0.045316
0.110518
-0.075042
0.028512
-0.163438
-0.030531
-0.072285
-0.045730
-0.128943
-0.000683
-0.036800
-0.112815
0.002170
-0.183450
-0.159355
-0.161007
-0.057993
-0.011831
-0.077368
0.011493
-0.084176
0.038955
0.059974
0.163429
0.135371
0.123795
0.156752
0.349808
0.381167
0.141365
0.428043
0.255844
0.396386
0.432334
0.442873
0.400956
0.520447
0.506962
0.353315
0.512800
0.498068
0.465837
0.505626
0.397345
0.431289
0.478575
0.433054
0.304520
0.310947
0.245885
0.344290
0.289511
0.337291
0.353571
0.371113
0.224859
0.167782
0.120097
0.118290
0.196880
-0.023185
-0.035900
-0.013553
0.040623
-0.055543
0.071384
0.070188
-0.032567
0.128255
0.049506
0.056128
0.016513
0.112845
0.009949
0.045406
0.091149
-0.099475
0.214082
0.227617
0.316828
0.368047
0.389623
0.338317
0.500178
0.247033
0.393183
0.477131
0.452900
0.479102
0.524067
0.554220
0.501062
0.460591
0.603426
0.476795
0.542733
0.471010
0.595845
0.436078
0.611819
0.384988
0.466853
0.499110
0.364612
0.316232
0.326058
0.320388
0.351891
0.251741
0.321741
0.202181
0.224254
0.100243
0.123577
0.112768
0.024275
0.016869
0.015149
0.093841
0.155828
-0.003770
-0.026116
0.041275
0.017171
0.037538
-0.001247
0.061140
0.039841
0.186293
0.070767
0.283906
0.154636
0.054908
0.138203
0.285035
0.278355
0.359951
0.345557
0.328895
0.389760
0.325774
0.430573
0.388086
0.495861
0.408674
0.656436
0.510571
0.553729
0.503286
0.321240
0.342331
0.431515
0.440304
0.410647
0.374648
0.415741
0.444948
0.445440
0.305610
0.364418
0.326155
0.162654
0.196595
0.213237
0.193891
0.196651
0.102096
0.013259
0.017943
-0.001908
-0.039529
0.022954
-0.146411
-0.111018
-0.088308
-0.095464
0.049096
-0.051444
-0.197461
-0.151216
-0.154642
-0.039910
0.070370
0.174429
-0.013321
0.062763
-0.046878
0.068279
0.115052
0.292886
0.138557
0.212707
0.245641
0.264677
