# Noisy Modulated Signal (Noise Level: 0.145)
0.139205
0.077824
0.037457
-0.055013
0.129638
-0.087379
-0.299375
-0.005793
0.263680
-0.036681
-0.499605
-0.042179
0.567698
0.071320
-0.881293
-0.317258
0.604690
-0.083486
-0.683230
0.078624
0.988756
0.120938
-0.978028
-0.023225
0.768247
0.095088
-0.923181
-0.028426
1.031175
0.125594
-0.955886
-0.085122
1.109598
0.039570
-0.883621
0.232983
1.114080
0.002160
-1.010146
0.063852
0.853171
0.078157
-0.990789
0.215872
0.933362
0.001775
-0.694138
-0.001030
0.526635
0.061096
-0.648407
-0.286831
0.722333
-0.023835
-0.495626
0.047368
0.625351
-0.078902
-0.347810
-0.006880
0.133829
-0.021250
-0.270615
-0.132936
0.048891
0.224401
0.258477
-0.169910
-0.170572
-0.142950
-0.025119
-0.275245
-0.310531
-0.024442
0.605898
-0.008461
-0.385050
0.053204
0.588311
-0.004024
-0.757595
0.134636
0.701373
-0.015345
-0.908646
0.203044
1.010090
0.137350
-0.904679
-0.030418
1.053348
-0.065029
-1.076360
0.032125
1.154143
0.161467
-1.210131
-0.048663
0.934510
0.022739
-1.264707
-0.121952
1.089052
0.183002
-1.067649
-0.053935
1.102096
-0.120059
-0.922576
0.157089
0.868330
-0.187451
-0.900107
-0.124653
0.653294
0.100458
-0.641891
0.105589
0.487675
-0.053512
-0.437172
-0.088451
0.379995
-0.302799
-0.261430
0.054157
0.365741
0.147540
-0.309474
0.194181
0.164420
-0.337362
-0.000315
-0.071999
0.018136
-0.032417
0.211404
-0.069259
-0.142710
-0.143014
0.281653
0.019512
-0.489484
-0.027974
0.750093
-0.261399
-0.636979
-0.130526
0.552737
0.190007
-0.569474
0.059940
0.999617
0.150653
-1.006026
0.125206
0.963630
-0.108746
-1.002122
-0.090503
0.830020
0.053979
-0.997282
-0.126486
1.278178
0.192498
-1.007459
-0.022914
1.056366
-0.135897
-1.012562
-0.151482
0.888614
-0.053319
-0.825062
-0.065873
0.865660
-0.128662
-0.617326
-0.241491
0.842803
-0.073264
-0.529725
0.008108
0.442865
-0.035800
-0.587546
-0.091585
0.406620
-0.173814
-0.300500
0.043722
0.089778
-0.144102
-0.189916
-0.022574
0.257832
0.056559
0.186572
-0.104790
0.104991
0.070011
-0.149400
0.274140
-0.420689
-0.026491
0.504073
-0.161714
-0.478875
0.029552
0.156585
-0.038156
-0.600632
0.057173
0.967002
0.050721
-0.865942
0.161952
0.790474
0.145559
-0.850265
0.225366
0.829698
-0.186332
-0.654491
0.051427
1.030982
0.078287
-1.026533
0.056654
0.710957
0.122122
-0.940779
-0.091873
0.892763
-0.220330
-1.019253
-0.021657
0.924001
-0.036625
-0.988362
-0.040452
0.882398
0.166145
-0.986341
0.025831
0.873071
0.108349
-0.688807
0.016612
0.489352
-0.116286
-0.527447
-0.056573
0.471031
0.022658
-0.163771
0.036492
0.360071
-0.065248
-0.098183
-0.023515
0.081275
0.046879
-0.017556
0.016954
-0.112876
0.194870
0.005897
0.095751
-0.638988
-0.142561
0.246527
0.065169
-0.434206
-0.132790
0.613608
-0.322610
-0.350521
0.244653
0.669694
0.090911
-0.789600
0.001930
0.748373
-0.175632
-0.458617
0.243612
0.980219
0.115930
-0.942230
-0.072091
0.955467
-0.129288
-1.071163
-0.083301
1.176282
-0.047232
-1.093102
-0.135980
0.992189
-0.163047
-0.828684
-0.137590
0.958553
0.027776
-0.824466
-0.031255
0.853372
-0.175966
-0.903877
-0.168567
0.629670
-0.214086
-0.363027
0.225816
0.660890
-0.090166
-0.586671
0.296217
0.491980
0.164542
-0.262464
-0.224930
0.235891
0.055768
-0.260666
0.154080
0.021768
-0.055864
0.037527
-0.046251
0.130531
-0.092129
0.023766
0.199322
-0.267507
-0.090063
0.229205
0.103098
-0.383724
0.163552
0.586702
0.294496
-0.754247
-0.128615
0.807254
0.094857
-0.927986
-0.176689
0.671131
0.065684
-0.984242
-0.274525
0.606106
-0.021644
-0.785388
-0.179034
1.082010
0.206115
-1.078590
0.121284
1.179967
0.020603
-1.037813
-0.151253
1.009307
0.280783
-1.014067
0.031957
0.728916
0.100776
-0.931066
-0.047123
1.067521
-0.035962
-0.765406
0.251293
0.646435
-0.140034
-0.511397
0.099309
0.598035
-0.117386
-0.653298
0.196323
0.264212
-0.164291
-0.302597
-0.195841
0.259948
-0.046053
-0.173895
0.113674
0.048028
0.096785
0.216916
0.009606
-0.035724
0.039152
0.271193
-0.218213
-0.067043
-0.079923
0.659195
-0.007418
-0.400794
0.149043
0.699047
0.105597
-0.704610
0.229008
0.727648
-0.095651
-0.654097
0.059762
0.826333
-0.067542
-1.109286
-0.030083
1.005720
0.313660
-0.754024
-0.079878
1.219989
0.056942
-1.067514
-0.204892
1.108519
-0.017884
-0.877639
-0.043667
0.968525
-0.067412
-1.039439
0.258957
1.168502
-0.113729
-0.844901
0.070889
0.726600
0.207570
-0.738852
-0.027329
0.892539
0.093072
-0.639173
0.257758
0.509669
-0.144141
-0.505528
0.037712
0.522479
-0.046164
-0.364561
-0.173334
0.077385
0.250879
-0.157031
-0.106396
-0.109007
0.022900
-0.128140
-0.188137
0.060472
-0.097255
-0.191444
0.099538
0.256566
-0.111080
-0.417304
-0.195982
0.585021
0.029803
-0.604069
0.108665
0.798099
-0.028503
-0.619105
-0.381234
0.793691
-0.070352
-0.897250
0.229054
0.996000
-0.115888
-1.006173
0.146679
0.956475
0.126111
-0.820552
-0.159588
1.209762
-0.160286
-0.838496
-0.250914
1.095701
-0.132951
-1.013162
-0.120890
0.751338
0.062444
-1.026484
0.030040
1.001440
0.022291
-0.766965
-0.015895
0.829281
0.026770
-0.703315
-0.039183
0.401472
-0.053394
-0.581257
-0.066822
0.469805
-0.025216
-0.505106
-0.259371
0.315603
-0.004472
-0.222591
-0.111630
0.183260
0.062341
-0.108139
-0.107866
-0.028566
0.012763
-0.451486
0.056858
0.020887
-0.082627
-0.141506
-0.280856
0.233521
-0.028231
-0.623126
-0.230722
0.610427
0.046903
-0.578859
0.145397
0.749052
-0.158220
-0.682472
0.012025
0.997416
-0.394004
-0.874856
-0.161797
0.425299
0.027517
-1.043176
0.313549
0.843485
-0.030360
-1.312215
-0.193819
1.220648
-0.027150
-1.055289
0.202645
0.847146
0.075745
-0.696545
-0.214376
0.761500
-0.078522
-0.742079
0.085795
0.907853
0.168125
-0.493411
-0.053045
0.609819
-0.113419
-0.676145
0.215039
0.613981
-0.025656
-0.486423
0.154787
0.459056
0.147669
-0.200007
0.157504
0.000364
0.246753
-0.254407
0.166549
-0.117872
-0.049503
0.043509
-0.013572
0.239699
0.207988
-0.093190
0.155527
0.077178
0.059898
-0.409440
0.159727
0.321697
-0.193325
-0.539479
-0.173220
0.768424
0.038615
-0.488440
0.118548
0.889113
0.004365
-1.129967
0.057544
0.760708
-0.000067
-0.834842
0.314700
0.862612
-0.099184
-0.840185
-0.272189
0.938548
0.109885
-0.938411
0.148963
0.810938
-0.124985
-0.823297
0.250851
0.852821
-0.207689
-1.130727
0.307166
1.184909
-0.153468
-0.836942
-0.090880
1.200209
-0.055495
-0.799256
0.175222
0.628465
0.110313
-0.601476
0.086667
0.635062
0.128641
-0.300366
-0.097418
0.408038
0.206727
-0.175531
-0.183617
0.108608
0.066941
-0.029558
-0.012683
