# Noisy Modulated Signal (Noise Level: 0.09)
0.060992
0.222073
0.005796
0.021219
-0.155476
0.046399
0.033408
-0.051609
-0.001042
0.165462
0.121288
-0.046281
0.177455
0.117694
-0.119388
-0.160552
0.042370
-0.014089
-0.000682
-0.106878
0.032589
-0.217062
-0.046039
-0.011419
-0.016349
0.045883
-0.010836
-0.099661
0.054162
0.107756
0.046053
0.129133
0.125844
-0.005244
0.144472
0.190528
0.161290
0.286612
0.176774
0.284207
0.296392
0.270907
0.102749
0.183987
0.372411
0.424626
0.435720
0.445254
0.357513
0.410986
0.582058
0.565347
0.592794
0.386994
0.830011
0.675870
0.587050
0.596672
0.624908
0.494363
0.403878
0.523016
0.543844
0.543518
0.561105
0.510536
0.435454
0.329927
0.268250
0.137992
0.239622
0.222321
0.038917
0.142273
0.038911
0.065726
-0.038521
-0.106311
-0.247591
-0.290645
-0.239897
-0.312972
-0.448038
-0.433672
-0.528670
-0.588837
-0.605482
-0.717181
-0.641945
-0.793825
-0.807705
-0.813682
-0.809188
-0.881801
-1.097805
-0.978339
-1.152614
-1.087575
-1.066576
-0.905753
-0.961917
-0.947676
-1.034570
-0.858548
-0.879817
-0.875961
-0.934965
-0.661702
-0.700257
-0.677052
-0.500859
-0.793539
-0.737024
-0.391464
-0.462897
-0.082881
-0.332433
-0.311832
-0.125974
-0.150084
-0.234840
0.043388
-0.024958
-0.107410
-0.005724
0.029492
-0.054509
0.092361
-0.059851
0.056553
-0.090920
-0.069058
0.058898
-0.169323
-0.328226
-0.072859
-0.261660
-0.146583
-0.303600
-0.416986
-0.318659
-0.480784
-0.405375
-0.555116
-0.642307
-0.742215
-0.889352
-0.667116
-0.689232
-0.629486
-0.724645
-0.782012
-0.788000
-0.847510
-0.876547
-0.779528
-0.745416
-0.888946
-0.862726
-0.865532
-0.780446
-0.784171
-0.755431
-0.725395
-0.587020
-0.715370
-0.614026
-0.414319
-0.572151
-0.266899
-0.433076
-0.224028
-0.101506
-0.201954
-0.176756
0.152892
0.118761
0.040470
0.069251
0.375832
0.393324
0.510770
0.328526
0.542609
0.453746
0.648883
0.777523
0.627338
0.640240
0.490736
0.480127
0.600309
0.635498
0.543971
0.564462
0.415421
0.649431
0.476986
0.342230
0.554572
0.529897
0.376035
0.389488
0.299356
0.370989
0.152274
0.095844
0.275729
0.017157
-0.073273
0.048876
-0.071042
-0.171933
-0.142221
-0.115967
-0.219730
-0.292622
-0.203190
-0.276189
-0.258504
-0.150413
-0.008461
-0.227171
-0.139135
-0.212315
0.046029
0.145017
0.015591
0.157144
0.251581
0.325131
0.221043
0.357024
0.358904
0.527526
0.475134
0.398356
0.534924
0.729755
0.610655
0.776266
0.955077
0.835858
0.950761
0.929105
1.127308
1.191200
1.020818
1.201620
1.004509
1.058755
0.999304
1.133077
1.209201
1.097177
1.044498
0.821237
0.814885
0.851389
0.880268
0.646816
0.796151
0.725053
0.656987
0.676234
0.360945
0.547468
0.466280
0.452607
0.220043
0.155784
0.065324
0.129993
0.049036
-0.078264
0.077819
-0.018686
-0.076079
-0.064657
-0.247887
-0.170624
-0.027157
-0.120760
-0.132175
-0.038556
-0.126046
-0.011845
-0.202518
-0.135915
-0.133898
-0.029644
0.209339
0.269737
0.228615
0.030812
0.229900
0.275436
0.380265
0.185897
0.371093
0.394499
0.597949
0.487761
0.684061
0.599748
0.676825
0.489649
0.501026
0.608195
0.767892
0.618632
0.694920
0.622396
0.716002
0.556363
0.431887
0.604363
0.516580
0.322886
0.304827
0.339050
0.174761
0.123532
0.300360
0.123935
-0.220271
-0.203379
-0.077370
-0.234350
-0.172095
-0.289248
-0.384119
-0.695688
-0.354078
-0.427164
-0.572111
-0.568774
-0.765408
-0.773957
-0.828738
-0.766153
-0.717468
-0.916328
-0.966768
-1.122993
-0.953426
-0.865953
-1.044373
-1.024402
-0.938545
-1.079234
-0.971377
-0.981839
-0.998563
-1.083948
-0.789119
-1.045558
-1.033918
-0.887167
-0.797392
-0.742044
-0.780608
-0.653890
-0.726421
-0.727363
-0.581771
-0.383987
-0.575621
-0.429255
-0.346344
-0.332721
-0.242405
-0.260006
-0.139907
0.035467
0.033103
0.203453
0.062750
0.121973
0.279301
0.370703
0.578419
0.453285
0.616947
0.555164
0.683683
0.600673
0.658251
0.742321
0.767299
0.823161
0.886059
0.936980
0.950634
0.869601
0.917424
0.893391
0.929448
1.086735
0.929942
