# Noisy Modulated Signal (Noise Level: 0.129)
-0.013146
-0.022192
-0.300887
-0.118499
0.295951
0.049534
-0.557137
-0.259026
0.710906
-0.376379
-1.345593
0.207832
0.813654
-0.048560
-0.973233
0.009929
0.969644
0.175003
-0.900350
-0.025923
0.968189
-0.265890
-0.901058
-0.039571
0.823463
0.011681
-0.519781
0.125601
0.372759
-0.069351
-0.252682
0.201822
-0.108935
-0.039505
0.120736
0.327578
0.002488
0.079300
-0.437958
0.245938
0.840434
-0.154581
-0.775317
0.132832
1.147658
-0.080903
-0.861660
-0.008465
1.182446
0.132775
-1.005616
0.155666
1.170354
-0.013168
-0.861337
0.231006
0.889105
-0.315907
-0.738002
-0.139719
0.378478
-0.008574
-0.364908
-0.101206
0.090502
-0.270109
0.257017
0.046747
-0.211198
-0.055057
0.573706
-0.010975
-0.585876
0.056329
0.612101
0.010288
-0.953911
0.007167
0.706722
-0.254519
-1.109722
0.022186
0.971880
0.085775
-0.824701
-0.063843
0.947563
0.248109
-0.947771
-0.146537
0.489675
-0.092923
-0.361789
-0.127854
0.271941
0.156308
-0.034202
-0.106996
-0.000387
-0.018830
0.085330
0.014933
-0.212582
0.244755
0.566481
0.014090
-0.797240
0.116421
0.800903
0.081162
-0.777083
-0.104216
1.033747
0.073190
-0.920193
0.116066
0.680920
-0.165301
-1.098659
-0.228859
1.075495
-0.072339
-0.785915
0.125559
0.743575
-0.079593
-0.549467
-0.015394
0.377460
0.005238
-0.097647
-0.151814
-0.094682
-0.288733
-0.440707
-0.059441
0.568205
-0.027947
-0.399651
0.097536
0.756414
-0.053412
-0.735461
0.059316
0.796722
0.044248
-0.791988
-0.016215
0.899805
0.006349
-1.047994
0.064367
1.079968
-0.349401
-0.650747
-0.114355
0.477107
0.016403
-0.593384
0.013720
0.314230
0.256911
-0.046074
-0.070707
0.088169
0.093373
0.196075
-0.248500
-0.339812
0.054201
0.485748
0.060224
-0.413957
-0.186238
0.567783
0.111398
-0.893483
0.003152
0.802854
-0.157631
-1.271094
0.332363
1.081024
-0.156919
-1.067165
-0.162424
0.813670
-0.090826
-0.961166
-0.045312
0.783060
0.001392
-0.368156
0.114428
0.155030
0.052096
-0.068499
0.017818
-0.211527
0.056040
-0.025088
0.073451
0.602804
-0.038457
-0.747734
-0.087245
0.633113
-0.151289
-1.027715
0.154250
0.887941
0.041113
-1.069926
-0.010656
1.108872
-0.022993
-0.998336
0.186565
1.141280
0.137660
-0.626276
-0.010212
0.820569
-0.107708
-0.540095
-0.036036
0.183457
-0.140806
-0.234419
-0.177942
0.025044
0.077266
-0.071512
-0.115669
-0.144642
0.030409
0.478512
-0.166031
-0.537327
0.170876
0.719643
0.073815
-0.843276
0.036222
1.095397
-0.205130
-1.091295
0.159282
0.975664
0.027115
-0.862623
-0.033921
0.997016
0.037424
-0.909021
-0.219399
0.766022
0.114981
-0.645625
-0.017285
0.307309
-0.048007
-0.218063
-0.100349
-0.154941
0.265709
-0.126124
0.063340
0.413103
0.111402
-0.433791
-0.013792
0.848275
-0.134526
-1.019603
-0.097959
1.108217
0.251232
-0.894948
0.083010
1.216666
-0.099138
-0.922291
-0.064089
0.945836
-0.106371
-0.865044
0.005369
0.735351
-0.118322
-0.757626
-0.082135
0.641810
-0.059364
-0.134616
-0.101624
0.111254
0.061589
0.031970
-0.018156
0.271955
0.050398
-0.301426
0.046664
0.452340
0.192471
-0.742661
0.249124
0.533717
0.071489
-1.026763
-0.089271
1.140868
-0.039639
-1.087516
0.006433
0.809998
-0.207155
-0.934906
-0.092011
1.045103
0.078298
-0.756026
0.225093
0.330969
-0.004069
-0.226025
0.015490
-0.215437
-0.091634
