# Noisy Modulated Signal (Noise Level: 0.02)
0.001877
-0.020179
0.021347
0.036587
0.004033
-0.027904
0.003328
0.000037
0.016297
0.007184
-0.015940
0.022989
-0.003360
0.019416
0.009213
-0.023695
-0.029220
0.009882
0.007003
0.005997
0.012912
-0.004264
-0.011359
-0.001706
-0.009926
-0.001632
0.002378
-0.006738
0.056201
0.031600
0.032764
-0.043292
0.020041
0.000174
-0.032692
0.006934
-0.003711
-0.003025
0.001995
0.010068
-0.017595
-0.009902
-0.027053
0.016660
-0.004826
-0.007679
0.016778
-0.032647
-0.019283
-0.049608
-0.005096
-0.029669
-0.012969
-0.000718
-0.015072
-0.010636
0.020632
-0.021396
0.007985
-0.054880
0.041359
0.026145
-0.015557
-0.026182
0.020398
-0.022250
-0.018780
0.054313
-0.024208
-0.004759
0.006329
-0.015308
0.004985
0.021567
-0.046412
-0.011197
-0.005801
0.005667
0.029030
-0.011288
0.010404
0.006545
0.025865
0.027318
0.002025
-0.010333
0.034357
0.003169
0.057647
-0.021439
0.000767
-0.014187
-0.008223
0.005307
0.022006
0.026693
0.016383
-0.051786
-0.016236
-0.029561
0.001335
-0.022452
-0.040003
0.004416
0.011052
-0.024476
-0.014290
-0.037260
-0.036919
-0.011362
-0.029731
-0.026696
-0.008040
-0.033035
-0.008348
0.008498
-0.033571
-0.045282
0.003835
0.013620
-0.026934
-0.036037
0.001746
-0.030676
0.030829
-0.008441
0.021900
-0.022241
-0.007167
-0.035691
-0.004383
-0.012794
-0.005551
0.027182
-0.023455
-0.014685
0.002820
0.015973
0.031485
-0.031784
0.006867
0.001505
-0.003275
-0.011178
0.015543
0.003705
0.009377
0.011005
0.002348
0.002839
0.034718
-0.008366
-0.001744
0.000791
0.011083
0.012823
-0.012095
-0.022730
0.031808
0.026349
0.018798
0.013453
-0.014802
0.018050
0.002153
-0.027290
-0.014792
-0.011352
-0.002566
-0.024809
-0.020311
-0.031448
-0.000360
-0.014011
0.012491
0.012033
-0.012311
-0.017160
-0.024575
0.010553
0.031763
0.032502
-0.001637
0.005557
0.004466
0.000713
0.002297
0.015852
0.000156
-0.002707
-0.036390
0.021103
0.004503
0.016269
0.030713
0.009767
0.023537
-0.015461
0.016188
-0.021315
-0.015564
-0.002890
-0.010508
0.019071
0.035982
0.035237
0.017809
0.021763
0.016840
0.035808
0.028659
-0.005832
0.004361
0.019983
-0.015099
0.034455
0.021237
-0.007716
0.001435
-0.017112
0.024988
0.021830
0.016031
-0.034999
-0.028065
0.023933
0.021931
0.015100
0.000451
0.004979
0.019428
-0.000637
-0.032934
-0.011583
-0.002489
0.018229
-0.004298
-0.013567
-0.027665
-0.005967
0.002074
-0.018635
-0.033977
-0.020264
0.007608
-0.019368
0.014693
0.024403
0.002145
-0.025508
-0.000494
-0.035859
-0.019295
-0.012103
-0.040341
-0.033224
0.012307
-0.032137
-0.003465
0.008128
-0.027956
-0.018948
-0.007826
-0.014937
-0.001242
0.024542
-0.020653
0.013796
-0.027613
-0.000805
0.008999
0.010360
0.021313
0.018394
0.003513
-0.017573
0.021839
0.004031
0.003054
0.004201
0.038769
0.011511
0.021444
0.026440
0.007741
0.025770
-0.006158
0.025498
0.020702
0.042993
0.008663
0.036513
0.062527
0.021813
0.050681
0.037789
0.008312
0.047328
-0.004596
0.005611
-0.010687
0.034644
0.013171
0.004477
0.014129
0.038436
0.043447
0.007945
-0.023683
0.008395
0.015831
0.018295
-0.017060
0.018841
0.014290
0.010520
0.018054
0.017125
0.023697
-0.014474
-0.008805
0.008760
-0.040912
0.006734
-0.035529
-0.016234
0.028752
-0.037290
0.004714
-0.028777
-0.004463
0.012067
0.005044
-0.037677
-0.020400
-0.015894
0.005947
-0.005143
-0.001593
-0.023051
0.003595
0.005247
-0.016683
-0.033535
-0.001824
-0.029851
-0.011293
-0.008457
-0.033753
-0.001702
-0.020098
-0.046253
0.022556
0.007007
0.015386
0.009529
-0.012966
-0.003421
-0.011334
-0.027174
-0.019204
0.038293
0.005424
-0.015214
-0.027660
-0.014297
-0.000686
0.008072
0.014046
0.001498
0.014293
-0.004978
0.020727
0.016036
0.001813
-0.016926
0.038501
0.011036
-0.017414
0.014965
0.014766
-0.018557
0.001308
-0.033906
-0.029313
0.018016
0.002218
-0.026482
0.019601
0.010677
0.015632
-0.025409
-0.015435
-0.031363
-0.037495
-0.038613
-0.025244
-0.065027
-0.045616
-0.004338
0.009030
-0.028392
-0.016357
-0.035988
-0.028730
-0.021323
0.018405
-0.011323
-0.014150
-0.023904
0.009591
-0.056488
-0.015517
-0.003237
-0.014944
-0.000220
0.000955
-0.005362
-0.041939
0.006490
0.000860
0.022063
-0.004617
0.011187
0.019748
0.031255
-0.006981
-0.043684
-0.001958
-0.021598
-0.040883
-0.019173
-0.033430
-0.027103
0.008040
-0.014110
0.050502
-0.018028
-0.010455
0.011496
0.011190
-0.017664
0.026728
0.028448
0.001295
0.011873
-0.023599
-0.012993
-0.022554
0.006426
0.006726
-0.007499
-0.021823
-0.007400
-0.020231
-0.023495
-0.022116
0.011043
0.000627
-0.022526
0.014806
-0.043192
0.013098
-0.017171
-0.007826
-0.009468
0.014606
0.017917
-0.008863
-0.041540
-0.028948
0.003543
0.002760
-0.025009
0.001979
-0.040728
-0.023708
-0.020158
0.018663
-0.004940
0.027889
-0.005599
0.006175
-0.022596
0.035719
0.002491
-0.023772
0.009413
-0.013837
0.046099
-0.023886
0.017357
0.035693
-0.025780
0.011028
0.011691
0.033185
0.017736
0.017158
-0.001719
0.006028
0.012564
0.007782
0.025373
0.020125
-0.017451
0.010162
0.005532
0.012904
0.024821
0.020515
-0.003739
0.018757
0.004057
0.007265
-0.003322
0.028700
-0.011250
0.006374
0.015104
-0.008227
0.025304
0.024952
0.031489
-0.016861
-0.031688
-0.014204
0.002217
-0.001529
-0.042611
-0.002717
-0.007180
-0.020260
0.015832
-0.028363
0.010902
-0.027053
-0.003385
-0.005317
0.007510
-0.047574
0.000043
-0.006152
0.003263
0.033604
0.006799
0.021434
-0.031651
0.029778
0.000784
-0.006118
-0.043051
-0.004949
-0.008582
0.006613
-0.040316
-0.026135
-0.009588
-0.000386
-0.018319
-0.004388
-0.005518
-0.053216
-0.025179
-0.003820
0.005792
-0.023424
0.004705
-0.004080
-0.000669
-0.028540
-0.009166
-0.042621
0.004034
-0.001212
0.004225
-0.011137
0.039075
0.006539
0.005108
-0.012515
0.015684
0.016455
0.000112
0.033928
0.037807
0.029969
0.016134
0.023522
0.051171
0.020304
0.004805
0.008403
0.004663
-0.000328
-0.003753
0.004862
0.025395
0.011715
0.012004
-0.000890
0.032335
0.003423
0.038446
0.026483
0.007994
0.033002
-0.014081
-0.001522
0.033286
0.008782
-0.001963
0.038294
-0.007787
0.018183
-0.030270
0.001502
0.012707
0.003129
0.032351
-0.002578
-0.012381
-0.018566
-0.007773
-0.021478
0.008667
-0.051163
0.024383
0.006041
0.028050
0.033252
-0.021687
0.013608
-0.017169
0.018669
0.037417
-0.022062
-0.008663
0.007053
0.042393
-0.019864
0.004605
-0.017867
-0.011753
-0.002434
0.003447
-0.049189
-0.021778
-0.011531
0.003351
0.024000
0.002707
-0.003278
-0.000124
-0.012971
-0.007694
0.047407
0.011579
0.032001
-0.014822
-0.004857
-0.017730
-0.031535
0.028952
0.002532
-0.006593
0.004877
-0.012637
-0.017250
0.004111
-0.003338
0.026508
0.001054
-0.005016
-0.018655
0.000030
-0.004744
-0.008225
0.016694
-0.027492
0.004426
0.023565
-0.025146
-0.007010
-0.022189
0.001907
-0.000322
-0.056627
-0.003586
0.001245
-0.054618
-0.016668
-0.020368
-0.022868
-0.017531
0.004932
-0.005295
-0.002202
0.032839
-0.015114
