# Noisy Modulated Signal (Noise Level: 0.49)
-0.075475
0.107491
-0.705814
-0.368193
-0.830454
0.265860
0.657890
0.361025
0.166200
0.403720
-0.537886
-0.445109
0.455265
-0.205953
-0.283725
0.160868
0.631286
-0.573815
0.260786
-0.448293
0.777021
-0.581747
0.192698
-0.244528
-0.101420
-0.242230
0.357561
0.824197
0.465576
0.312294
0.048573
0.305145
0.329276
0.420781
-0.110513
0.157565
-0.373172
-0.078397
1.203516
0.421770
0.214774
0.939122
0.380801
0.523820
0.077386
0.038381
0.263340
1.334446
1.503920
0.720844
0.253553
0.214246
0.139255
0.583455
1.287633
0.822229
0.754531
0.694098
0.640566
1.066797
0.529799
-0.052544
0.541935
-0.076885
0.369453
1.208661
0.882073
0.533584
-0.186647
0.389860
0.258918
1.470367
1.050805
-0.193450
-0.070519
-0.630383
-0.332181
0.158802
-1.104147
0.573870
-0.598267
-0.424812
-1.135903
0.562840
-1.275758
-0.352528
-0.644651
-0.998730
-0.834047
-1.590317
-0.589882
-1.404729
-0.429021
-1.474177
-1.212976
0.052348
-1.055932
-0.809366
-1.389043
-0.849034
-1.524139
-1.029345
-0.849782
-0.890674
-1.798670
-1.380197
-0.608544
-1.326301
-1.717253
-0.513930
-1.054154
-1.153640
-0.272656
-0.165975
-0.597764
-0.207477
-0.566572
-0.111241
-1.174389
-0.368422
0.178075
-0.266521
-0.532567
-0.242967
1.095518
0.807299
0.118363
-0.111353
-0.291665
0.145927
-0.643725
-0.967407
0.107467
-0.221540
-0.485700
-0.335631
-1.037295
-0.810326
-0.176051
-0.016084
-0.336029
-0.315897
-0.271965
-0.211356
-0.657107
-0.856693
-0.394409
-1.171341
-0.205995
-0.456623
-0.806498
-0.320670
-0.041193
-0.940882
-1.481315
-0.895489
-0.689493
-0.890417
-1.598692
-0.300955
-0.512206
-1.520494
0.192183
-0.578667
-0.374012
-0.702307
-1.452457
-0.743707
-1.057887
-0.478062
-0.580081
-0.384987
-0.326996
-0.392183
0.022684
0.305145
-0.070127
0.290258
0.247687
0.957027
-0.402712
0.124985
-0.352381
1.147222
0.198075
0.379015
0.777367
0.206539
1.044199
0.016049
1.584074
0.405654
0.451614
0.845544
1.406106
0.988025
0.529990
0.296777
0.052881
0.258695
0.246160
-0.896754
0.220694
0.795425
0.151819
0.229743
0.402028
-0.709424
-0.246623
-0.303853
0.696227
0.182403
0.601999
-0.025216
0.154006
0.283821
-0.060746
0.241722
-0.543875
-1.186583
-0.220308
-0.689031
-0.461287
-0.218316
-0.595037
-0.895364
-0.579216
0.453342
0.428718
0.121641
-0.509102
0.910757
-0.194807
0.117232
-0.328392
0.103656
1.111496
0.113212
0.101058
0.877428
1.256054
1.161900
1.153185
1.066303
1.170042
1.233616
1.435169
1.351967
1.150529
0.568865
1.381306
0.701657
1.188426
0.623242
1.165137
1.750998
0.664197
1.061152
0.790014
1.004055
0.084347
0.902867
1.783150
1.031058
0.980852
0.447794
0.424654
0.532957
0.161888
0.919969
0.793654
0.188911
0.069654
-0.056131
0.339888
-0.279869
-0.045807
0.003287
-0.721850
-0.107269
0.332344
0.992050
0.430932
-0.380751
0.237684
0.326826
-0.294431
-0.791540
-0.534240
0.142154
-0.208319
-0.311861
0.077732
0.183805
0.646344
0.398794
0.674223
0.584380
-0.178456
1.345268
0.501683
-0.178291
0.700177
1.351800
0.720787
0.221369
-0.105514
0.465799
1.318574
0.809513
0.548732
-0.084427
0.233941
0.534087
1.573610
0.898395
0.200164
0.598028
0.739226
-0.044834
0.216157
0.394593
0.984699
-0.195979
0.553067
-0.555898
0.066244
0.099636
-0.888382
0.116897
-0.099357
-0.120437
-0.091329
-0.388101
-0.374672
0.056059
-0.147333
-0.196265
-0.843499
-1.191230
-1.129957
0.124275
-0.513558
-0.438814
-1.306263
-1.242761
-0.724577
-0.790425
-1.904204
-1.132354
-0.696669
-1.035857
-1.253791
-1.287192
-0.333566
-1.511085
-0.597457
-1.887958
-0.708467
-1.360511
-1.092892
-0.227801
-0.945298
-0.819876
-1.265493
-0.110699
-0.772511
0.338051
-0.029415
-0.243455
-0.064442
-0.899397
0.572416
0.448542
0.363269
0.538611
-0.321502
0.580663
0.202846
0.122765
0.622095
0.457530
0.535127
1.477018
-0.381304
0.853115
0.234496
-0.279444
0.968014
1.602273
0.968919
0.635289
1.124414
0.839504
0.721064
0.957458
-0.215443
0.774535
1.804684
1.911039
