# Noisy Modulated Signal (Noise Level: 0.2)
0.203261
-0.279298
-0.055247
-0.444548
-0.029434
-0.112230
0.078767
-0.039754
-0.139893
-0.072969
-0.086616
0.114621
0.344254
0.059504
-0.328765
0.077939
-0.144669
-0.066014
-0.148932
0.303289
0.213158
-0.439541
-0.241083
0.689144
0.041592
-0.031506
0.295383
-0.011410
-0.060157
-0.020963
0.131678
0.136206
-0.368084
-0.192842
0.123505
0.122617
-0.279443
-0.090765
0.035382
0.258584
-0.641107
0.142312
-0.125896
-0.211393
0.105181
-0.215993
-0.066120
0.094147
-0.012466
0.052395
-0.210583
0.257641
-0.053781
0.301433
-0.001291
0.075931
0.286703
0.301242
-0.380809
0.149523
-0.001224
-0.149965
0.246042
-0.025670
0.226808
-0.047281
-0.170930
-0.145529
0.170352
0.171127
-0.516950
-0.096508
-0.077163
0.339721
0.263771
-0.197163
0.315262
0.162345
-0.085050
-0.050614
0.300330
-0.085353
-0.137881
-0.199658
0.113530
0.038356
0.099389
-0.321940
-0.366222
-0.296316
-0.092054
0.450665
0.176453
-0.166480
-0.124693
-0.014935
-0.153706
-0.282820
-0.158926
0.186009
-0.149365
-0.041765
-0.077020
-0.364556
-0.089521
-0.293105
-0.192777
0.031141
-0.035258
-0.076876
0.047853
-0.019769
0.453048
-0.110345
-0.174000
-0.073218
0.296901
0.041794
-0.156095
-0.176083
-0.146206
0.228021
0.013924
0.223427
0.352137
-0.137313
0.114610
-0.167539
-0.270559
-0.305173
0.089791
-0.362617
-0.092708
0.233589
0.156244
0.092549
0.234060
-0.060381
0.361056
-0.237945
0.308500
0.149267
-0.175535
-0.266775
0.116434
0.032129
-0.115140
0.382553
0.392358
0.077634
0.176935
0.196657
-0.144528
0.206417
0.308599
0.043547
0.191901
0.234046
-0.071175
-0.139607
-0.267981
0.185392
0.121372
0.050995
-0.056216
0.201540
0.076325
-0.090958
0.221278
-0.489151
0.188411
-0.193058
-0.180009
-0.131010
0.135804
0.125704
-0.459563
-0.066309
0.247373
0.001714
-0.107564
0.348113
-0.356226
-0.137974
0.013057
0.073444
-0.186078
-0.029804
0.193871
0.013504
-0.256843
-0.275003
-0.108250
-0.011954
-0.113549
-0.158777
-0.146920
0.168813
0.044248
-0.085655
0.623244
0.062443
0.002553
0.109284
0.406989
0.226622
0.069129
-0.175552
0.211871
0.334747
0.189645
-0.115438
-0.006086
0.014675
-0.189645
-0.305882
-0.104278
-0.396476
-0.094087
0.025241
0.202081
0.225801
0.128578
-0.115807
-0.164462
-0.316580
-0.265622
0.144777
0.056122
0.122170
-0.044529
-0.169162
-0.109428
-0.189123
-0.274529
0.139593
-0.165703
0.062416
0.231941
0.222187
-0.121332
0.037017
-0.065090
-0.114271
0.093428
-0.111475
-0.492480
0.109750
-0.224269
0.096537
0.173277
0.239968
0.573041
0.233016
-0.120953
-0.172592
0.056906
0.024069
-0.096815
-0.066748
-0.041725
-0.232587
0.301228
-0.073713
0.162625
-0.162099
-0.154296
0.361628
-0.095819
0.196446
-0.203065
-0.238045
-0.249761
-0.061272
-0.180774
-0.091149
0.236444
0.107025
0.192733
0.190035
-0.066723
0.307338
0.061239
0.163276
-0.369617
-0.269064
0.205685
0.330448
0.066666
-0.062633
-0.099737
0.490275
0.167221
0.226260
0.127973
-0.251366
-0.282517
-0.170988
-0.085705
0.055935
-0.168611
-0.166526
-0.076881
-0.171996
0.219099
0.064817
-0.148038
0.076240
0.055817
-0.033790
-0.088169
0.372240
-0.027545
-0.430105
0.026508
-0.225427
-0.302708
-0.030922
-0.094229
-0.161894
-0.138197
0.063226
-0.142940
0.062229
0.263457
-0.014131
-0.150078
0.159895
0.216423
0.304075
0.134316
0.024858
-0.040142
0.309023
-0.007768
-0.238472
0.188301
0.332266
0.072026
0.223743
0.236078
-0.208407
0.369121
-0.189412
0.148768
-0.004005
0.078132
-0.051377
-0.066686
-0.001429
-0.080571
-0.050218
-0.030597
-0.208869
-0.436000
0.036444
-0.196226
0.142647
-0.308327
0.018987
0.066275
0.080948
-0.069731
0.214577
0.266201
0.293946
0.154130
-0.250281
0.409992
0.129481
0.265347
0.145226
0.349397
-0.301772
-0.079187
-0.161825
0.197541
-0.308762
-0.113985
-0.061686
-0.079756
0.021822
-0.039029
-0.157815
0.075150
-0.065805
-0.051233
-0.255618
-0.155945
-0.050755
0.104339
-0.086652
0.104060
-0.173490
0.094211
-0.107440
-0.020448
-0.009073
0.225369
0.224443
-0.093625
0.011768
-0.199424
0.087712
-0.139286
-0.056322
-0.033288
-0.048883
-0.081348
-0.167021
-0.233963
-0.110056
-0.020713
0.109708
0.270423
-0.022271
-0.304618
0.006304
0.003650
0.015719
-0.236863
-0.058322
0.064279
0.144997
0.059018
-0.196044
-0.245298
-0.060608
-0.034169
0.267068
0.099488
-0.040260
0.116613
0.435432
0.267598
0.039714
0.300946
-0.018201
0.083607
0.251404
0.142194
-0.180311
0.077789
0.368071
-0.135686
-0.228221
0.135710
-0.080253
-0.135799
-0.152112
0.034443
-0.343024
-0.108294
-0.101701
-0.282536
-0.267134
0.002962
-0.315794
-0.326687
0.122054
0.032488
0.042186
0.100355
0.051012
0.056992
-0.116286
0.006629
-0.156043
-0.035960
-0.149970
-0.136468
0.027575
-0.032150
-0.496283
0.323795
-0.198546
0.082107
0.469082
0.153020
0.227432
-0.023332
0.059842
0.009166
0.010087
-0.036740
0.121366
-0.059411
0.024526
0.023543
0.086203
-0.471102
-0.393661
-0.368393
-0.323827
0.172289
-0.163098
-0.097166
-0.221844
-0.150446
-0.073939
