# Noisy Modulated Signal (Noise Level: 0.11)
-0.211868
-0.200858
-0.070309
0.097460
0.084299
0.120908
-0.006933
0.081197
0.134010
0.135292
0.176760
0.044380
-0.026162
-0.119691
-0.003924
0.028677
-0.017718
-0.170547
-0.043274
0.095021
-0.120160
-0.012090
-0.120225
-0.054316
0.116779
-0.036241
0.019499
-0.187946
0.058150
0.030597
0.000974
0.034086
0.161140
-0.026070
0.002923
0.041813
0.174633
0.151379
0.117962
0.220560
0.217615
0.182222
0.272316
0.201335
0.288923
0.443597
0.242673
0.533446
0.619830
0.671723
0.427638
0.384468
0.584005
0.552153
0.665425
0.707813
0.580442
0.657494
0.643895
0.637207
0.872471
0.479018
0.772541
0.551181
0.314192
0.360262
0.529414
0.373436
0.303834
0.333467
0.164551
0.148971
0.160843
0.057839
0.047207
0.121479
0.072855
-0.155225
-0.285558
-0.432895
-0.233545
-0.419590
-0.555527
-0.526600
-0.729275
-0.591362
-0.498028
-0.650058
-0.845747
-0.860120
-0.857769
-0.764225
-1.058126
-0.915134
-0.903873
-1.150833
-1.076393
-1.119460
-1.196695
-1.234632
-0.970675
-0.757759
-0.715156
-0.956466
-0.828679
-0.863164
-0.804445
-0.836807
-0.737173
-0.684622
-0.670687
-0.823292
-0.587394
-0.342588
-0.424329
-0.197378
-0.250645
-0.177256
-0.259280
-0.335509
-0.076938
-0.141622
0.038198
-0.012985
-0.126328
-0.065813
-0.220077
-0.061824
-0.126228
0.103793
-0.054181
-0.072397
0.064182
-0.065057
-0.118688
-0.178672
-0.350515
-0.274449
-0.280995
-0.388349
-0.380207
-0.536317
-0.497638
-0.257822
-0.495296
-0.518358
-0.703237
-0.544836
-0.911884
-0.568204
-0.936395
-0.959183
-0.884179
-1.013355
-1.071703
-0.877470
-0.851722
-0.973531
-0.816946
-0.611589
-0.962717
-0.884552
-0.725852
-0.832065
-0.677759
-0.662779
-0.506818
-0.648259
-0.529318
-0.568861
-0.402148
-0.274021
-0.279446
-0.072762
-0.020378
0.040766
0.033430
-0.086464
0.276714
0.145105
0.207729
0.269958
0.478896
0.587321
0.405833
0.413536
0.509196
0.561995
0.745641
0.674518
0.573348
0.661326
0.672943
0.570837
0.742618
0.327047
0.615036
0.563534
0.362683
0.392043
0.559321
0.142007
0.228838
0.396029
0.064649
0.130298
0.205808
0.252228
-0.148058
0.242050
-0.063293
-0.289792
0.049047
-0.230011
-0.223676
-0.085197
-0.107849
-0.090707
0.134143
-0.086965
-0.121197
-0.187385
-0.038032
-0.211220
0.009028
0.167475
0.047813
0.080404
-0.038958
0.111009
0.444648
0.268454
0.436150
0.312343
0.234656
0.529627
0.591605
0.414994
0.763534
0.490075
0.883378
0.917008
0.772215
0.940513
1.019602
0.987109
0.936830
1.203455
1.139181
1.096828
1.234424
1.274001
1.111435
1.157663
1.089686
1.024063
1.010472
0.952908
1.122273
0.766576
0.984591
0.975127
0.646669
0.640186
0.465592
0.358408
0.576727
0.441195
0.263061
0.265154
0.181846
0.167150
0.054423
0.132654
0.125600
0.167956
0.115967
-0.074940
-0.024606
0.003983
-0.070251
-0.112558
-0.028464
-0.194120
-0.222151
-0.143743
-0.156421
0.098103
-0.101750
0.068872
0.065291
0.316081
0.128763
-0.166907
0.296480
0.206408
0.358282
0.459462
0.700764
0.260196
0.463810
0.540447
0.601230
0.622849
0.539066
0.746271
0.637537
0.850172
0.423642
0.695526
0.684383
0.492739
0.549568
0.599032
0.579543
0.548449
0.317874
0.687761
0.615055
0.546788
0.339873
0.098995
0.044893
0.270936
-0.045720
-0.178008
-0.186116
-0.055773
-0.300368
-0.273049
-0.375769
-0.500310
-0.411469
-0.430546
-0.273790
-0.523816
-0.835833
-0.721144
-0.811520
-1.110370
-0.718029
-0.833814
-0.822931
-0.928034
-1.039894
-0.805412
-1.150894
-1.060431
-0.904258
-1.097098
-0.967225
-1.075200
-0.912270
-1.181904
-0.966054
-1.087080
-1.027411
-0.982582
-1.059601
-0.913868
-0.730520
-0.695560
-0.945658
-0.737053
-0.535169
-0.678865
-0.557019
-0.528103
-0.600566
-0.368462
-0.235841
-0.369318
-0.090109
-0.031672
0.030483
-0.028486
0.277848
0.139878
0.084323
0.354575
0.425478
0.646671
0.467176
0.722113
0.485356
0.500760
0.655494
0.554328
0.785477
0.890290
0.856359
0.648354
0.900215
0.877922
1.014122
0.794234
0.896925
1.224750
0.986670
0.949761
