# Noisy Modulated Signal (Noise Level: 0.1)
0.069023
-0.094004
-0.048774
-0.064908
-0.006352
0.060935
0.141653
-0.043397
-0.024241
-0.113360
-0.018500
0.086923
-0.081715
-0.029088
-0.044894
-0.144611
-0.028019
-0.245410
-0.028767
-0.198512
-0.084092
0.032578
0.039885
-0.158759
0.106978
-0.032207
0.087147
-0.004578
-0.259241
0.015870
-0.037292
-0.124256
0.005535
-0.144411
0.086311
-0.280844
0.040890
-0.183952
-0.100062
-0.175500
-0.292810
-0.102097
0.089191
0.112584
-0.103225
0.142880
0.440711
0.272485
0.303319
0.456470
0.651373
0.555024
0.736850
0.566013
0.764177
0.907060
0.745544
0.724243
0.677037
0.572851
0.392715
0.673351
0.372946
0.316904
0.121396
0.079670
0.113157
0.110591
-0.200562
-0.191485
-0.259470
-0.220441
-0.233033
-0.000431
-0.046613
-0.110339
0.105218
0.374929
0.383033
0.159920
0.285029
0.568456
0.459120
0.499565
0.784461
0.805700
0.521105
0.704569
0.530813
0.614398
0.226433
0.338960
0.370315
0.267639
0.063285
-0.149360
-0.080714
-0.157445
-0.340396
-0.606871
-0.683098
-1.025927
-0.967071
-1.137970
-1.146118
-1.228414
-1.080040
-1.369068
-1.027985
-1.308940
-1.079726
-1.167542
-1.141450
-0.898452
-0.712894
-0.791614
-0.363333
-0.406750
-0.384112
-0.116564
-0.005731
-0.034677
-0.037418
-0.082133
0.104008
-0.193453
-0.065197
0.080966
-0.106380
-0.266933
-0.209979
-0.333958
-0.317309
-0.516434
-0.341285
-0.285700
-0.417830
-0.308834
0.012718
-0.195893
-0.054782
0.176822
0.140222
0.428813
0.573895
0.562315
0.697237
0.816718
0.659163
0.569629
