# Noisy Modulated Signal (Noise Level: 0.22)
-0.243454
0.214535
-0.174875
0.037633
-0.044381
-0.015971
0.125691
0.381707
0.276418
-0.069186
0.144599
-0.553545
-0.291567
0.031840
0.309477
-0.300268
-0.135141
0.303419
-0.068965
-0.008206
0.128909
0.305367
-0.434967
-0.360569
0.248915
-0.180632
-0.007889
0.218970
-0.184373
0.074756
0.188929
0.238493
0.036701
0.147004
0.107322
0.080689
0.154260
0.216366
0.212359
0.543315
-0.362685
0.228950
0.494506
0.471886
0.255391
0.149220
-0.022282
0.527584
0.694960
0.627069
0.203156
0.764873
0.787049
0.641917
0.487720
0.304170
0.554371
0.722457
0.827356
0.760283
0.745687
0.519661
0.452419
0.378240
0.239124
0.398966
0.712766
0.777461
0.138533
0.388975
0.471570
0.027420
-0.087448
-0.220931
0.185050
-0.032513
-0.246282
-0.283206
-0.375399
-0.178642
-0.319119
-0.609898
-0.660467
-0.512002
-0.588266
-0.301137
-0.908332
-0.958468
-0.696820
-0.780058
-0.912360
-1.358397
-1.126374
-1.103506
-1.059992
-0.830608
-0.976650
-1.268189
-1.054088
-1.196368
-0.960775
-1.222773
-1.051769
-0.611140
-1.092358
-0.843672
-0.739780
-0.644665
-0.889824
-0.618051
-0.578550
-0.546666
-0.443225
-0.458101
-0.518777
-0.244942
-0.134488
0.086425
-0.549635
-0.239774
0.192254
-0.014531
0.179024
-0.634100
-0.156594
-0.004180
0.232902
-0.007986
-0.183942
0.212841
0.060872
0.002939
0.055449
-0.277241
-0.067164
-0.076982
-0.072876
-0.330326
-0.505398
-0.283183
-0.372470
-0.554371
-0.174541
-0.507239
-0.434243
-0.560024
-0.505764
-0.869453
-0.558707
-0.594729
-0.758632
-0.790802
-0.723134
-1.123546
-1.001496
-0.822605
-1.024741
-0.482685
-0.662638
-0.772168
-0.518296
-0.781108
-0.747947
-0.898678
-0.567985
-1.074152
-0.878907
-0.675624
-0.718673
-0.722901
-0.057015
0.111011
-0.692976
0.182886
-0.267527
-0.131173
0.263655
0.030157
0.014734
0.158978
0.207701
0.556723
0.058394
0.233493
0.603677
0.151577
0.624951
1.087215
0.926240
0.372183
0.488070
0.365636
0.542733
0.551636
0.686062
0.268588
0.336710
0.376539
0.559845
0.148838
0.196684
0.206133
0.344824
0.605643
0.311822
0.119837
0.227210
-0.148384
0.030792
-0.048125
-0.147584
-0.097390
0.099398
0.193425
0.003429
-0.510451
-0.138434
-0.152634
0.135968
-0.041187
-0.321096
-0.237636
-0.106551
-0.234746
-0.167256
0.183156
0.023937
-0.013179
0.272278
-0.040911
0.664372
0.169526
0.530515
0.311683
0.435780
0.413853
0.676345
0.760250
0.811978
0.711572
1.005596
0.897754
0.672757
0.866320
1.309397
0.846148
0.698133
1.408311
0.628742
1.118192
1.023456
1.324348
1.148522
1.165120
1.101246
1.187765
0.844208
0.801902
1.125778
0.610392
0.541123
0.420279
1.155653
0.809073
0.613090
0.509879
0.675803
0.657910
0.520765
0.101000
0.133885
-0.065563
0.371139
0.248523
-0.347424
0.168316
0.147849
-0.360103
-0.039198
-0.149061
-0.065681
0.105474
-0.090389
0.097322
-0.073402
-0.648540
-0.240170
-0.178493
-0.026528
-0.250877
0.324940
0.166975
-0.334784
-0.048383
0.083030
0.567197
0.724640
0.289541
0.451954
0.443373
0.589830
0.848131
0.688806
0.476372
0.480770
0.564663
0.833715
0.681390
0.694547
1.109333
0.729046
0.811773
0.709328
0.403434
-0.000565
0.746269
0.276933
0.440370
0.228156
0.276640
0.484974
-0.065490
0.193621
0.363436
0.189878
-0.208570
-0.120620
-0.190590
-0.609410
-0.770799
-0.091872
-0.616572
-0.567754
-0.304074
-0.814901
-0.654215
-0.723404
-0.945500
-0.691272
-0.774350
-0.844303
-0.934194
-1.343621
-1.109345
-1.178008
-1.034561
-0.435668
-1.195833
-0.770430
-1.380340
-0.940312
-1.044368
-0.771898
-0.947165
-1.044939
-0.838230
-0.986907
-0.762792
-0.989766
-0.828573
-0.900466
-0.784486
-0.790515
-0.633094
-0.430407
-0.527983
-0.807360
-0.625262
-0.676903
0.123410
0.060851
-0.355040
-0.135230
-0.123017
0.104473
0.034727
0.279747
-0.183870
0.476056
0.179911
0.110638
0.118831
0.560125
0.765256
0.372342
0.194236
0.652914
0.694855
1.060874
0.538939
0.830935
0.658313
0.481677
0.967594
1.280528
0.864746
1.061948
0.808219
0.789677
0.810330
