# Noisy Modulated Signal (Noise Level: 0.15)
0.079866
-0.232887
0.127664
-0.170470
0.147579
-0.030241
0.041955
-0.081298
-0.070195
-0.113927
-0.028703
0.084155
0.165128
0.069053
-0.021303
-0.210930
0.050657
0.033385
0.126077
-0.057066
-0.178748
-0.171429
0.070539
0.091499
0.281020
0.126965
0.195146
-0.100114
0.005080
-0.041878
0.077156
0.140631
0.001182
0.004713
0.506771
0.175339
0.189453
0.060607
0.236375
0.127304
0.391993
0.006718
0.168554
0.336263
0.497573
0.138751
0.424991
0.550479
0.587305
0.630291
0.472092
0.385977
0.575514
0.555759
0.543098
0.338954
0.613659
0.705952
0.614592
0.616083
0.688923
0.224780
0.757453
0.597230
0.394305
0.202445
0.271203
0.458332
0.486916
0.402755
0.311917
0.282229
0.319765
0.003849
0.153088
-0.175107
0.105070
0.033394
-0.124713
-0.182925
-0.337446
-0.453113
-0.100875
-0.662348
-0.369809
-0.616209
-0.488007
-0.640658
-0.871844
-0.686770
-1.115645
-0.914591
-0.885690
-0.990960
-1.054224
-1.099613
-1.251059
-0.993212
-0.806540
-0.906601
-1.020505
-1.171120
-0.914530
-0.852525
-0.776345
-0.508563
-0.815389
-0.704565
-0.986712
-0.697459
-0.624673
-0.395914
-0.676869
-0.418145
-0.270176
-0.378426
-0.165661
-0.178977
-0.286643
-0.227320
-0.208322
-0.045132
0.090401
-0.164922
0.194570
0.159784
-0.214865
-0.066843
0.077955
0.241310
0.025790
-0.185203
0.220800
-0.165637
-0.274948
-0.159256
-0.315309
-0.275416
0.066170
-0.203116
-0.370390
-0.262059
-0.546307
-0.690927
-0.421604
-0.762841
-0.535020
-0.786285
-0.556961
-0.564542
-0.660276
-0.738086
-0.843813
-0.670060
-0.665754
-0.804477
-0.747314
-0.952076
-0.881465
-1.033767
-0.837415
-0.722548
-0.671120
-0.694781
-0.730687
-0.206228
-0.619892
-0.578524
-0.272313
-0.541504
-0.190616
-0.326144
-0.199492
0.080929
-0.277315
0.057782
0.483306
0.231455
0.586270
0.030277
0.229765
0.657187
0.150984
0.615219
0.660531
0.516559
0.762316
0.523092
0.770050
0.805163
0.463218
0.819937
0.713468
0.565834
0.616347
0.496741
0.502317
0.724046
0.504182
0.379949
0.367131
0.490546
0.118776
0.311530
0.197491
0.377417
0.071829
-0.105274
0.266450
-0.177689
-0.029534
-0.128070
-0.165695
0.066247
-0.125651
-0.022639
-0.065691
-0.116664
-0.196772
-0.243130
-0.269825
-0.289301
-0.104391
0.001199
0.271658
-0.160054
0.178366
0.298093
0.372100
0.047404
0.008430
0.315316
0.094931
0.636676
0.553787
0.686716
0.468968
0.657666
0.933015
0.659647
0.802609
0.797849
1.069511
0.938891
1.216873
1.248323
1.144615
1.212128
0.961816
1.249884
1.090797
1.033182
1.094061
1.005929
1.096325
1.053543
0.978744
0.783707
0.945006
1.118603
0.488974
0.882696
0.668493
0.558369
0.659965
0.462121
0.559358
0.487110
0.229964
0.224359
0.125487
0.201597
0.043601
0.047708
-0.144530
-0.094861
-0.041641
-0.036980
-0.092045
-0.170026
-0.183662
-0.051404
0.170114
0.101785
-0.431363
-0.074144
0.036623
-0.216913
-0.069019
-0.036818
-0.017889
0.173815
0.047900
0.008019
0.260454
0.368530
0.472558
0.340334
0.373676
0.386614
0.544889
0.553221
0.381859
0.346804
0.458154
0.544976
0.474688
0.770208
0.504446
0.744433
0.602077
0.569600
0.314143
0.624956
0.773353
0.502934
0.613505
0.758920
0.178758
0.371544
0.424628
0.326193
-0.014386
0.248226
-0.183423
-0.028846
-0.013546
-0.286740
-0.025971
-0.197726
-0.275517
0.188293
-0.494065
-0.285941
-0.428160
-0.629864
-0.825032
-0.521019
-1.214815
-0.902259
-0.999359
-0.825242
-0.956108
-1.048460
-0.862195
-0.972562
-0.885942
-0.957211
-0.897318
-0.910775
-1.039056
-0.793509
-0.797497
-0.892384
-1.093910
-0.879325
-0.821320
-0.737144
-0.934763
-0.833439
-0.720533
-0.852618
-0.728853
-0.797047
-0.492327
-0.677126
-0.349439
-0.409415
-0.362196
-0.393828
-0.205855
-0.400206
-0.137417
-0.322451
0.408219
0.235707
0.052843
0.181992
0.340848
0.403995
0.158230
0.494905
0.575968
0.201594
0.418096
0.635178
0.859682
0.583094
0.717962
0.945326
0.602763
0.797196
0.904801
0.883377
1.030852
1.177913
0.859515
1.139839
1.390132
0.800443
