# Noisy Modulated Signal (Noise Level: 0.051)
0.038945
0.071494
0.019764
-0.024382
0.050644
-0.039620
0.002854
-0.125660
-0.052567
-0.005483
0.070000
-0.000821
0.036347
-0.008438
-0.002491
-0.053260
-0.011683
0.135594
-0.022032
-0.072735
0.067315
0.035601
-0.082713
0.002979
-0.001134
0.047672
-0.014790
-0.020048
-0.017797
0.008099
-0.099469
-0.006143
0.032264
-0.026167
-0.046265
-0.012206
0.065450
-0.036196
0.027432
0.045322
-0.066984
0.092141
-0.044846
-0.034433
0.063551
-0.012682
-0.024254
0.016531
0.006626
-0.030904
-0.038328
0.010265
0.142527
0.043942
0.042200
0.023816
-0.042606
-0.007336
-0.044847
-0.132158
0.027422
0.051765
0.043784
0.006294
0.002467
-0.029829
0.013070
0.024511
0.020441
0.016231
-0.029900
-0.028790
0.042993
0.005443
0.011196
-0.024867
0.062338
0.074483
-0.036179
-0.008124
-0.066082
0.040419
-0.021051
-0.001178
0.055895
0.074328
-0.060377
0.010230
0.010079
-0.017708
-0.047317
-0.089455
0.006735
0.008818
-0.026744
-0.063706
-0.045733
-0.085638
0.031394
-0.028712
0.004946
0.041085
-0.001170
0.064210
-0.059268
-0.022257
0.047110
-0.075486
0.040665
0.049040
0.008794
-0.014668
-0.003740
0.067371
0.045505
-0.059817
-0.001968
0.061053
0.171976
0.064972
-0.049615
0.024722
0.004081
-0.072396
-0.085790
-0.009763
0.035009
0.085109
-0.029474
0.065941
-0.040648
0.015797
-0.009398
-0.038531
0.047178
0.081694
0.021053
0.100203
-0.002095
0.022690
-0.028287
-0.053073
0.022138
-0.048653
-0.062826
-0.027805
0.068392
0.002049
-0.029240
-0.014368
0.005113
-0.051139
0.037786
-0.012583
0.045977
-0.053488
-0.065700
0.009378
-0.014956
0.059042
-0.035219
-0.007982
0.025105
-0.092137
0.064399
0.023675
-0.005761
-0.057024
0.001945
0.000514
0.002974
0.013812
0.052833
-0.024951
0.008580
0.024524
-0.003848
0.057321
-0.087203
0.032240
-0.027332
-0.000531
-0.008223
-0.059342
0.116750
-0.070641
-0.049858
-0.008509
-0.032004
-0.031386
-0.063448
0.096205
-0.048788
0.092909
-0.024396
-0.081758
-0.092169
0.035408
-0.016189
-0.135737
0.047356
-0.028204
-0.018538
0.072677
0.000510
-0.031046
-0.004585
-0.067846
-0.021648
0.105786
0.007355
0.014354
0.044188
-0.022310
0.083658
0.000549
-0.067274
0.097698
0.026521
0.057570
0.070938
-0.040142
0.028870
-0.026815
-0.020932
-0.002706
0.012511
-0.020387
0.030458
0.031957
0.005417
-0.093583
-0.011092
0.074740
-0.005599
0.051157
-0.104664
-0.121855
-0.017124
-0.001440
0.057544
-0.039696
-0.016158
0.069648
-0.039838
-0.049063
0.027585
0.026470
0.010167
0.011760
-0.037999
0.016133
-0.103054
-0.059035
0.079611
-0.004231
0.038030
-0.071262
-0.001762
-0.073623
-0.038662
-0.037455
0.095517
-0.020323
-0.026600
-0.010888
0.118396
0.055044
-0.069308
-0.013249
0.087327
0.026228
-0.152629
0.033395
0.056493
0.018150
0.033230
0.007670
0.113113
-0.005540
-0.132162
0.006495
-0.003842
0.029014
-0.038301
0.040040
-0.025074
-0.041462
-0.060572
-0.001370
-0.014045
0.028696
-0.086959
0.131249
-0.028779
0.006909
0.023307
-0.056689
-0.028908
0.037758
0.008962
0.019196
0.006358
-0.044139
-0.004416
0.080270
-0.044750
-0.055032
-0.029687
-0.047728
-0.020936
0.008329
0.033405
-0.001828
-0.068651
-0.056622
0.028336
-0.018324
-0.070787
-0.056839
-0.044405
0.039794
-0.022857
-0.046991
0.030267
0.033269
0.081134
0.066042
-0.029342
-0.004656
-0.047750
0.017777
0.032430
0.044412
-0.005732
0.071607
0.012414
-0.078915
0.042969
0.017542
-0.026481
0.011321
-0.013884
-0.041939
-0.030677
0.005406
0.008012
-0.021960
0.142087
0.006797
0.032083
0.066761
0.091708
-0.001243
0.020237
-0.042078
-0.000557
0.055038
-0.019128
-0.047977
0.066536
-0.001441
-0.027092
-0.027413
0.079488
-0.041059
0.053257
-0.075659
0.066125
0.029706
-0.034757
0.054277
-0.035042
0.002573
0.017963
0.048012
0.042719
-0.104134
0.060976
0.045879
0.079089
-0.011244
-0.074941
-0.007556
-0.003411
0.068665
0.060171
0.060568
0.002786
-0.058845
0.010841
-0.063287
0.028731
0.058763
0.029736
0.004925
-0.044221
0.004882
-0.006864
-0.025167
0.064073
0.013830
-0.015366
0.008818
0.014392
0.005454
-0.040682
-0.043547
-0.020754
-0.036196
-0.031268
-0.019183
-0.011207
-0.033851
0.034956
0.015329
-0.004928
0.048413
-0.089139
-0.030080
0.074071
0.072372
0.023619
0.100812
0.015605
0.000534
-0.078629
0.048445
0.054600
-0.052672
-0.059876
0.000248
0.097477
0.045900
-0.028843
0.009276
-0.042523
-0.025114
-0.097615
0.060331
0.029765
-0.028331
0.121356
-0.072032
0.052475
-0.050720
-0.008241
-0.014689
0.033577
-0.075870
0.018973
0.075950
0.101297
-0.007997
-0.000259
-0.001103
-0.096078
0.083713
-0.034203
-0.067276
-0.036843
-0.015693
0.009991
0.038495
0.097513
-0.078502
0.074330
0.006666
0.052212
0.063274
-0.014188
0.036016
0.030568
0.053700
-0.017232
-0.051269
-0.027467
-0.037008
-0.015410
0.009379
-0.062172
-0.007814
0.077542
0.054618
-0.026340
0.022403
0.014046
-0.009628
-0.025665
-0.045446
0.032121
0.043381
0.050664
-0.000896
0.014367
0.117242
-0.030581
0.080280
0.167754
-0.047801
