# Noisy Modulated Signal (Noise Level: 0.01)
-0.010950
-0.013019
-0.200464
-0.005561
0.378040
-0.011336
-0.562952
-0.012965
0.695279
-0.006941
-0.831697
0.018325
0.929838
0.005262
-0.972479
0.003722
0.991324
0.003035
-0.965237
0.007273
0.926076
0.006882
-0.825235
0.011853
0.726108
-0.010339
-0.555981
0.005730
0.368066
-0.008509
-0.200292
0.004376
-0.005532
-0.004839
-0.107520
-0.002540
0.299530
-0.008784
-0.479679
-0.000877
0.621761
-0.001526
-0.786017
0.018558
0.892574
0.008062
-0.967296
-0.004534
0.997713
0.020522
-0.996907
-0.003801
0.957853
-0.003964
-0.894277
0.004939
0.772953
0.005222
-0.626363
0.003924
0.466952
-0.008656
-0.287318
-0.010815
0.107902
0.008445
-0.005487
-0.001777
-0.186232
0.012217
0.394247
0.012507
-0.553958
0.005310
0.688433
-0.008365
-0.836393
0.009700
0.939559
-0.000787
-0.988154
-0.004196
1.012557
-0.007421
-0.992808
-0.001955
0.915332
-0.012352
-0.840712
-0.019399
0.707565
0.007136
-0.542605
-0.003852
0.371287
0.002638
-0.200639
0.000335
-0.000728
0.005551
0.119203
0.006293
-0.278945
-0.011406
0.467198
-0.016589
-0.622376
0.004430
0.758214
0.007399
-0.867451
0.000473
0.958070
-0.022941
-1.002020
-0.000569
0.983071
-0.003804
-0.977581
0.008954
0.886308
-0.006218
-0.758026
-0.000968
0.629311
0.004359
-0.458449
-0.007754
0.290122
0.011544
-0.094624
0.004986
0.011764
-0.000978
-0.199659
-0.005436
0.372734
0.008960
-0.549962
0.008223
0.700958
-0.000299
-0.829610
-0.000098
0.922806
-0.007109
-0.973710
0.005747
1.002219
0.007182
-0.997235
0.005746
0.944814
0.002008
-0.830997
-0.008752
0.691756
-0.003175
-0.555559
-0.017409
0.385595
-0.003439
-0.181426
0.005159
-0.012282
-0.013383
0.110509
0.006640
-0.287192
-0.007754
0.456446
-0.006610
-0.619039
0.014465
0.763870
0.011276
-0.888668
0.004451
0.959833
-0.002227
-1.008870
-0.007520
0.996501
0.013695
-0.958513
0.015975
0.867261
0.004742
-0.799164
-0.003539
0.632900
-0.003143
-0.470849
-0.001645
0.300479
-0.006790
-0.088213
0.017564
-0.009949
-0.002866
-0.185778
-0.020058
0.385009
-0.005771
-0.555776
-0.005752
0.703346
0.004679
-0.828052
0.003458
0.942156
0.004044
-0.977217
0.006562
1.010661
-0.011926
-0.987846
0.008220
0.931537
-0.017864
-0.831055
0.005005
0.716334
-0.004474
-0.566707
-0.007739
0.376114
-0.000773
-0.213446
-0.011203
0.011070
-0.008502
0.086835
0.006699
-0.278584
0.001578
0.468346
-0.007376
-0.628812
-0.004031
0.775150
-0.004065
-0.872108
-0.014694
0.940357
0.004981
-0.991908
0.002098
0.990060
0.009462
-0.937717
-0.008146
0.889634
-0.017975
-0.762421
-0.000877
0.617464
0.003753
-0.464846
0.023975
0.291212
-0.007861
-0.094232
0.017652
0.009975
-0.019298
-0.195248
0.006676
0.375760
0.002700
-0.548355
0.001629
0.699332
0.013807
-0.840208
-0.001246
0.915391
0.002009
-0.991851
0.005153
0.981652
0.006722
-0.978673
0.022328
0.924892
0.009537
-0.825916
-0.024846
0.708374
0.004122
-0.570579
0.009273
0.383449
-0.009390
-0.211734
-0.004917
-0.001481
0.000138
-0.103921
-0.010532
0.295453
-0.004679
-0.474341
-0.000059
0.632837
-0.021275
-0.758320
-0.005285
0.886447
-0.008380
-0.950838
-0.001417
1.004400
-0.013849
-1.000709
-0.005679
0.952002
0.001993
-0.893278
0.004944
0.760570
-0.002949
-0.632810
-0.003309
0.459091
-0.007320
-0.286360
-0.001916
0.105755
0.012145
