# Noisy Modulated Signal (Noise Level: 0.06)
-0.067900
0.126432
-0.076538
-0.034711
-0.016454
-0.180132
-0.022880
-0.025859
-0.026951
-0.037245
0.006627
0.032893
-0.009227
-0.093338
0.009347
0.016673
-0.005001
-0.026985
-0.048850
0.161133
0.026602
-0.014795
-0.024058
0.004140
0.015313
0.007759
0.012390
-0.035290
-0.003840
-0.010509
0.043532
0.037816
-0.052336
0.005238
0.118685
-0.083374
-0.065438
-0.032590
-0.002690
0.126695
0.026674
-0.071633
-0.021564
0.094871
-0.063526
-0.175771
0.003415
-0.062041
-0.008009
-0.044546
0.134828
-0.157718
-0.032105
-0.005026
0.064942
0.046413
0.081050
-0.091534
0.007240
0.056705
-0.034721
-0.045140
0.029459
-0.058814
-0.036235
-0.020690
0.011011
0.077970
0.073766
-0.067177
0.052060
0.072952
-0.066364
0.109091
0.093423
-0.008570
-0.078663
-0.052348
0.045281
-0.084973
0.070428
0.008372
-0.063456
-0.018066
-0.081445
0.127903
-0.018055
0.085604
0.088986
0.076218
-0.051664
-0.105812
0.033786
0.010798
-0.002793
-0.018437
-0.042511
0.032932
-0.019068
-0.113556
0.084699
0.011855
-0.001962
-0.048738
-0.009057
0.082302
-0.028815
0.038872
-0.064458
-0.136333
0.016912
-0.014249
0.030508
0.049607
-0.000618
0.010781
-0.024291
-0.013771
-0.012171
-0.023509
-0.054491
-0.027448
0.111891
-0.056609
-0.008408
-0.037118
-0.020777
-0.008818
-0.038847
0.058663
0.026546
0.028342
-0.032912
-0.054076
0.088384
0.030536
0.048752
0.069261
0.011888
0.007909
-0.065899
0.062342
-0.015082
-0.065778
0.046257
-0.035602
0.096518
0.041002
0.005347
0.084208
0.058613
-0.067110
0.007595
0.056166
0.059580
-0.002466
-0.079099
-0.003829
0.111308
-0.042857
-0.041842
0.011604
0.111216
-0.007390
0.025364
-0.120456
0.054873
-0.035381
-0.085201
-0.027576
0.040280
-0.048081
0.089946
0.053350
-0.051102
-0.021950
0.050330
-0.011631
0.008766
-0.068797
0.006314
-0.003935
-0.081600
-0.106834
0.017113
0.060443
-0.068738
-0.045634
-0.098715
0.030027
0.045688
-0.022357
0.079188
-0.077061
-0.055226
0.062618
0.054402
-0.063997
0.068050
0.012201
-0.100546
0.059733
-0.090957
-0.099497
-0.015809
0.146432
0.012597
0.018846
0.121065
-0.042971
0.121355
0.037455
-0.035157
-0.064354
0.034313
-0.001212
0.020581
-0.056813
0.066015
-0.019047
-0.004096
-0.071790
0.129181
0.052707
0.029083
0.010013
-0.033297
-0.040560
-0.025461
0.130479
-0.044718
0.040102
0.001903
-0.002584
-0.116675
-0.047998
0.028084
0.046194
0.012593
-0.049233
-0.069522
-0.078535
-0.088753
-0.003335
-0.080144
-0.033525
0.048680
0.055060
-0.109617
-0.006807
0.081404
-0.020719
0.007828
-0.116754
-0.046492
-0.086785
-0.001490
-0.071992
0.006607
0.005038
-0.058658
-0.058912
0.104087
0.049802
0.045415
-0.000574
-0.040925
0.026446
0.118433
-0.048953
-0.051258
-0.062760
-0.067904
0.003404
0.060772
-0.020376
-0.046429
0.046632
-0.016790
0.002516
-0.044103
-0.008069
-0.054594
-0.107032
-0.061887
0.059876
-0.040047
0.031414
0.016620
0.051694
-0.009566
0.050449
0.071854
-0.099261
-0.061578
0.012313
0.138692
0.038816
0.033725
0.088588
-0.003325
0.065731
0.020047
0.084875
0.015149
0.001852
0.022814
-0.046472
0.003065
-0.045822
0.061642
-0.063561
-0.109840
-0.010238
-0.014226
-0.067194
0.028568
0.028799
0.007642
0.045624
-0.078552
-0.021438
-0.080111
-0.160053
-0.018636
-0.045794
-0.012414
0.047767
0.000569
0.001007
-0.039167
-0.096778
0.005247
-0.035940
0.125876
-0.039010
-0.020052
-0.033748
-0.077799
-0.032994
-0.117571
-0.040715
-0.098627
0.029147
-0.080826
0.062936
0.022239
0.123355
-0.038420
0.050612
-0.157273
-0.008149
-0.043509
0.028641
-0.005370
0.094656
-0.143480
-0.079095
0.036035
-0.000262
-0.089152
-0.023676
0.051364
0.050894
-0.053737
0.031504
-0.008149
-0.023854
-0.000162
-0.041808
0.057239
-0.017483
-0.114262
-0.026944
-0.044638
-0.029169
0.003963
-0.017876
0.002667
-0.007506
0.012094
0.103691
-0.004698
0.035520
-0.101360
-0.041608
0.100133
-0.030976
-0.072324
0.097724
0.092755
0.011779
-0.012596
-0.015093
-0.043660
0.102831
-0.029643
-0.004454
0.045366
-0.043274
0.034223
-0.038714
0.082329
-0.002317
-0.082488
-0.000286
-0.114199
0.034430
-0.054160
-0.015386
-0.008893
-0.125116
-0.038483
0.075108
-0.035614
0.056616
-0.072781
-0.010987
-0.009054
-0.020415
-0.021931
-0.073638
-0.051841
0.056371
0.050843
0.063517
-0.079968
-0.007107
0.065286
-0.062006
-0.056750
-0.071978
0.046329
-0.101778
-0.051135
0.033727
-0.076780
0.056089
0.010394
0.018548
-0.000058
0.049391
0.055765
-0.036275
-0.004023
-0.056182
0.081726
-0.036053
-0.055713
-0.011142
0.008896
-0.014009
-0.145847
-0.060152
0.003961
-0.029655
-0.057612
0.069361
-0.016706
-0.039947
-0.030841
-0.069583
-0.087955
-0.058745
-0.059658
-0.011475
0.015890
-0.014059
0.014537
-0.033343
-0.000937
-0.127338
-0.035154
-0.045560
0.019965
0.100371
0.061815
-0.061215
0.001323
-0.082774
-0.085831
0.019843
-0.049309
0.042027
0.072654
-0.053742
0.039205
0.040796
0.039509
-0.031526
0.025494
0.108108
-0.074505
0.108374
-0.005113
0.029687
-0.029938
0.023070
0.114433
0.089687
0.049376
-0.075823
-0.069626
0.010273
0.021578
0.033148
-0.143064
0.019941
0.061131
0.068899
0.011508
-0.025254
-0.111208
0.041972
0.038117
-0.045181
-0.035164
0.074718
-0.092582
0.000799
0.056357
-0.049641
0.065853
-0.087378
-0.001993
0.014598
-0.036624
-0.078976
0.021822
-0.023196
0.048996
0.015993
-0.123668
0.024689
-0.002634
0.092858
-0.131364
-0.036202
0.043182
0.005916
0.070177
-0.032295
-0.122703
0.002596
0.011360
-0.111954
-0.056567
0.046557
-0.035672
-0.082034
-0.113296
-0.059425
-0.008938
0.031499
-0.022336
-0.110816
-0.058266
-0.151097
-0.056226
-0.008942
0.085019
0.017448
0.007285
0.026226
0.011596
-0.025435
0.118163
-0.136207
-0.039183
0.078627
-0.037427
0.099584
0.010354
-0.008401
0.017546
-0.000573
0.038379
0.067093
-0.034690
0.096886
-0.029480
-0.033577
0.036066
0.025771
-0.052570
0.003491
-0.088958
0.035250
-0.050509
-0.000354
-0.085003
0.028455
-0.011263
-0.040585
0.086840
0.000201
0.021906
-0.003877
-0.035553
0.005856
0.056404
0.008509
0.017340
0.062928
0.051612
0.004145
-0.023117
0.103633
-0.020052
-0.039674
-0.081008
-0.018698
-0.002402
-0.021939
0.029699
-0.011442
0.070420
0.108653
0.044110
0.077729
0.024997
0.113306
0.012963
0.066302
0.013885
-0.068483
0.063044
0.041470
-0.037201
0.003398
0.068423
0.036369
0.008799
-0.002669
0.056654
0.010573
0.031999
0.026004
-0.043863
-0.083730
-0.133264
0.020243
0.146446
-0.035239
-0.027081
0.016787
0.025134
-0.004704
0.042936
-0.011140
-0.053913
0.014410
0.016007
0.027316
0.044845
0.003583
-0.052453
0.073956
-0.020473
0.031294
-0.071693
-0.130873
-0.094207
0.029291
0.037394
0.025782
0.063812
0.103371
-0.051668
0.132919
0.006772
-0.110430
0.068663
0.013804
-0.001653
0.086281
-0.082131
0.112494
-0.061902
-0.017769
-0.022950
0.077370
0.017754
-0.062178
0.007293
-0.032652
-0.027074
0.044833
-0.075576
-0.035676
0.004408
-0.014266
0.001853
-0.061127
-0.090806
0.067706
0.047006
-0.035534
0.038935
-0.129266
