# Noisy Modulated Signal (Noise Level: 0.21)
-0.021398
-0.113171
-0.154635
-0.071561
0.116406
0.193338
-0.036455
-0.199193
-0.134466
0.148329
-0.057726
-0.373207
0.119920
-0.144545
-0.269084
0.371473
0.230849
0.110496
0.046940
0.211518
-0.268869
0.294505
0.154207
0.067185
-0.139200
0.112075
-0.240850
0.075877
0.457380
-0.366615
0.473360
0.167467
-0.266000
-0.028031
0.221080
-0.218861
0.097580
-0.582854
-0.256322
0.163738
-0.154132
-0.098698
0.224857
-0.310720
-0.214785
-0.425271
-0.323823
-0.801002
-0.488298
-0.147555
-0.172940
-0.549617
-0.266035
0.066775
-0.249063
-0.216396
-0.216695
-0.487537
-0.580357
-0.817451
-0.399579
-0.766409
-0.259849
-0.085097
-0.626324
-0.368960
0.086506
-0.215541
-0.301091
0.033230
-0.304618
0.003770
-0.029717
0.166999
-0.293952
0.135603
0.095865
-0.154177
0.083627
0.012845
0.204589
0.207674
0.394642
0.287961
0.387779
0.304793
0.621305
0.218261
0.298802
0.262496
0.417039
0.485713
0.159156
0.220973
0.507429
0.614960
0.408107
-0.136972
0.165570
0.468269
0.381124
0.639536
0.366069
0.280222
-0.080083
0.136646
0.038287
0.117098
-0.144078
-0.333323
-0.097815
-0.036784
-0.198471
-0.072232
-0.199085
-0.175929
0.153911
-0.006676
-0.625665
-0.082448
0.219798
0.023376
-0.018939
0.049482
-0.287267
0.149618
0.215008
0.451976
0.256237
0.367028
0.391804
0.536029
-0.123216
0.481489
0.022822
-0.111774
0.677671
0.518768
0.371824
0.588841
0.484067
0.436175
0.322421
0.204703
0.391383
0.112989
0.715882
0.182540
0.572064
0.547880
0.153838
0.613482
0.471542
0.477649
0.382821
0.378971
0.735449
0.363214
0.541110
-0.130364
0.286717
0.410039
0.266205
0.289356
0.072759
-0.050646
-0.150191
-0.102787
0.131000
0.104491
0.405760
-0.283998
0.182312
-0.067480
0.100044
0.060351
-0.081767
-0.215110
-0.085937
0.294096
-0.230693
0.260735
0.270576
-0.092725
0.162113
0.528676
0.582813
0.606970
-0.078871
0.387073
0.657251
0.616218
0.391664
0.390150
0.430951
0.282952
0.264653
0.810844
0.378359
0.522113
0.551787
0.869325
0.347671
0.323433
0.865010
0.496115
0.288188
0.372240
0.288834
0.472327
0.111311
0.614467
0.052390
0.518150
0.136640
0.206247
0.139217
0.298823
0.446632
-0.136922
0.130858
-0.166213
-0.039334
0.131751
-0.414372
0.065551
0.068894
-0.063986
-0.067577
-0.290889
-0.012567
0.051914
-0.101560
0.102522
0.161191
0.308669
0.174471
-0.069676
0.395072
0.092229
0.269674
0.230113
-0.057495
0.481100
0.520023
0.272329
0.361936
0.222304
0.568324
0.598796
0.472169
0.458723
0.543129
0.648339
0.499668
0.230480
0.244902
0.466627
0.473639
0.673425
0.359307
0.419258
0.373007
0.535885
0.184215
0.545230
0.564018
0.091674
0.329022
0.399286
0.177252
0.254889
-0.044871
-0.014973
0.186636
0.179954
-0.136778
-0.161590
0.311175
-0.295607
-0.061153
-0.113032
0.085628
-0.269040
-0.262119
0.476418
-0.321980
-0.444347
-0.124535
-0.052089
-0.001117
0.308722
-0.034791
-0.121605
0.327079
-0.198837
0.436961
0.331998
-0.100481
0.651315
0.467948
0.202556
0.501860
0.420925
0.142863
0.488885
0.566048
0.687179
0.526301
0.427514
0.604012
0.457831
0.260556
0.465194
0.120134
0.659271
0.342788
0.371060
0.434597
0.107774
0.091308
0.558570
0.163919
-0.069379
0.228681
0.093596
0.221535
-0.075491
0.274132
-0.417669
-0.160374
-0.387548
-0.482380
-0.613229
-0.536167
-0.386174
-0.523738
-0.785869
-0.455207
-0.909038
-0.970220
-0.813115
-0.880372
-0.772824
-0.967310
-0.563851
-0.862148
-1.002076
-0.922741
-0.602984
-0.894721
-0.826486
-0.945772
-1.356888
-1.334280
-1.098991
-0.923978
-0.941511
-0.792839
-0.572536
-0.423456
-0.461121
-0.753027
-0.680288
-0.270249
-0.851477
-1.016600
-0.718974
0.034313
-0.316633
-0.548337
-0.493603
-0.036780
-0.293023
-0.219232
-0.011771
-0.040309
-0.304966
0.024858
0.175112
0.510678
0.522321
0.545071
-0.125760
0.378078
0.346573
0.324596
0.263687
0.573291
0.719875
0.813282
0.539221
0.423621
0.619446
0.587458
0.540430
0.148725
0.273113
0.256291
0.628393
0.157105
0.123365
0.415767
0.306520
-0.060547
0.247093
0.227811
0.077685
-0.120569
-0.134859
-0.129642
-0.402730
-0.240799
0.083986
0.017114
0.087039
0.092426
-0.035047
-0.298748
-0.157994
-0.170244
-0.222048
0.001692
0.043683
-0.141566
-0.109115
0.043213
0.214594
0.648658
0.364472
0.165461
0.187078
-0.005341
0.439924
0.125436
0.166519
0.453077
0.141401
0.331068
0.365485
0.325084
0.548153
-0.031420
0.463775
0.348167
0.411848
0.167295
0.583824
0.743705
0.522371
0.272615
0.340357
0.605700
0.137220
0.401141
0.083958
0.448463
0.039233
-0.076877
0.086483
0.489032
-0.104544
0.324438
0.372469
-0.205776
-0.262019
0.413603
0.257422
-0.174534
-0.040464
0.461623
0.051973
0.180532
-0.132564
0.016147
0.045586
0.124823
0.306674
-0.097195
-0.025959
-0.176533
-0.006674
0.081121
-0.095823
0.062005
0.090158
0.532177
0.353111
0.456505
0.490128
0.527275
0.251528
0.501514
-0.102689
0.180103
0.500731
0.394679
0.368310
0.235423
0.697004
0.378608
0.322185
0.202786
0.978191
0.760085
0.509448
0.072420
0.213026
0.475556
0.537952
0.430040
0.373605
0.458590
-0.056107
0.227999
0.238757
0.326933
0.137799
0.150004
0.025635
-0.035012
0.079132
0.188975
-0.001890
-0.047510
0.113566
-0.137190
0.183233
0.064910
0.084422
-0.346839
-0.245923
-0.237508
0.094128
0.247290
-0.105987
-0.106641
0.551322
0.331837
0.334188
0.214220
0.409869
0.162260
0.560098
0.210502
0.444082
0.375229
0.173553
0.244170
0.854671
0.983167
0.370270
0.628413
0.374792
0.430545
0.794327
0.156723
0.333117
0.433385
0.307429
0.471515
0.288506
0.314374
0.477415
0.317334
0.497734
-0.100963
0.198911
-0.019688
-0.087296
0.682611
0.340424
0.008505
0.030637
0.030584
0.282598
0.143127
0.112860
-0.030284
0.000538
-0.514336
-0.188262
-0.016396
0.205212
0.166264
-0.225983
0.087865
-0.316619
-0.172433
-0.259225
-0.013517
0.091466
0.077063
0.143198
0.321704
0.390603
-0.082785
0.224343
0.332185
0.319380
