# Noisy Nyquist Signal (Noise Level: 0.04)
-0.020293
-0.043471
-0.092526
-0.106579
-0.137401
-0.226000
-0.248919
-0.213964
-0.348481
-0.332377
-0.431305
-0.416537
-0.434536
-0.372562
-0.443827
-0.436090
-0.578225
-0.648919
-0.644590
-0.704832
-0.617088
-0.741435
-0.704923
-0.755869
-0.713033
-0.658997
-0.817682
-0.795744
-0.793523
-0.783626
-0.841823
-0.853464
-0.853396
-0.853780
-0.812001
-0.909482
-0.969165
-0.994853
-0.988685
-0.962551
-0.986997
-0.965195
-1.025401
-1.019999
-0.966144
-1.039016
-0.962874
-0.980815
-0.989838
-1.008760
-0.976053
-1.020982
-1.057365
-1.013390
-0.905874
-0.925916
-0.855673
-0.851705
-0.800698
-0.822893
-0.845921
-0.796451
-0.888421
-0.867334
-0.897986
-0.920701
-0.884928
-0.891022
-1.020531
-0.977435
-1.000101
-0.995601
-0.967973
-1.004150
-1.006064
-1.091094
-0.986690
-0.979763
-0.987496
-0.985311
-0.931743
-0.934043
-1.020595
-0.919123
-0.900295
-0.852190
-0.854537
-0.832152
-0.809028
-0.782604
-0.749202
-0.778219
-0.868369
-0.857301
-0.888031
-0.871935
-0.921236
-0.913008
-0.912127
-0.969255
-0.951175
-1.021720
-0.908820
-0.963833
-1.034444
-0.968350
-1.020049
-0.975567
-1.018027
-0.930482
-1.006189
-0.994564
-0.995627
-0.933486
-0.937121
-0.912950
-0.826240
-0.832792
-0.867150
-0.803371
-0.829720
-0.906364
-0.842021
-0.887467
-0.913449
-0.811161
-0.961590
-0.909250
-1.024656
-0.919156
-0.921520
-0.909971
-0.997562
-1.012770
-0.986691
-0.952045
-1.021770
-0.933891
-1.008104
-0.974131
-0.944224
-0.949546
-0.905723
-0.852584
-0.930974
-0.902308
-0.877785
-0.850527
-0.861166
-0.802424
-0.765051
-0.799845
-0.661038
-0.737164
-0.647056
-0.584831
-0.515002
-0.485489
-0.371583
-0.405372
-0.348766
-0.129142
-0.179283
-0.002522
0.011980
-0.018976
0.034015
0.155438
0.210768
0.358093
0.367060
0.405745
0.422356
0.537052
0.643516
0.594639
0.739072
0.666863
0.690486
0.801313
0.735223
0.752229
0.716118
0.667582
0.592333
0.533030
0.536777
0.565953
0.424978
0.360957
0.299437
0.149465
0.256290
0.105421
-0.012922
-0.092028
-0.002981
-0.186268
-0.233500
-0.321254
-0.318838
-0.424005
-0.460555
-0.560167
-0.572710
-0.677744
-0.663421
-0.707064
-0.766167
-0.780791
-0.781434
-0.779157
-0.782080
-0.640961
-0.611935
-0.499184
-0.532659
-0.517852
-0.362789
-0.314177
-0.288823
-0.240103
-0.177030
-0.063622
-0.019489
-0.003072
0.066961
0.250330
0.200158
0.271237
0.339166
0.383276
0.501447
0.429388
0.585234
0.583184
0.696061
0.685938
0.830896
0.739630
0.812416
0.749019
0.644673
0.662194
0.608088
0.515472
0.496905
0.440823
0.469802
0.314830
0.293473
0.264655
0.170647
0.124055
0.094108
-0.066537
-0.126499
-0.207560
-0.188705
-0.284799
-0.299979
-0.432014
-0.428993
-0.558403
-0.587670
-0.621296
-0.707710
-0.681887
-0.771001
-0.743332
-0.771305
-0.772194
-0.658142
-0.652373
-0.554844
-0.649058
-0.605546
-0.415365
-0.461175
-0.377552
-0.295907
-0.247446
-0.147637
-0.066042
-0.050366
0.071376
0.138468
0.180947
0.185086
0.269745
0.274388
0.402626
0.528603
0.477836
0.632035
0.545795
0.739401
0.713651
0.717137
0.824699
