# Nyquist RZ Signal
0.003075
0.006156
0.009241
0.012331
0.015426
0.018526
0.021631
0.024741
0.027856
0.030975
0.034099
0.037228
0.040361
0.043500
0.046642
0.049790
0.052942
0.056099
0.059260
0.062425
0.065595
0.068770
0.071949
0.075132
0.078319
0.081511
0.084708
0.087908
0.091113
0.094321
0.097534
0.100752
0.103973
0.107198
0.110427
0.113661
0.116898
0.120139
0.123384
0.126633
0.129886
0.133142
0.136403
0.139667
0.142935
0.146206
0.149482
0.152760
0.156043
0.159329
0.162618
0.165911
0.169207
0.172507
0.175810
0.179117
0.182427
0.185740
0.189056
0.192376
0.195699
0.199025
0.202354
0.205686
0.209021
0.212360
0.215701
0.219045
0.222392
0.225742
0.229095
0.232451
0.235809
0.239171
0.242535
0.245901
0.249270
0.252642
0.256017
0.259394
0.262773
0.266155
0.269540
0.272927
0.276316
0.279707
0.283101
0.286497
0.289896
0.293296
0.296699
0.300104
0.303510
0.306919
0.310330
0.313743
0.317158
0.320575
0.323994
0.327414
0.330837
0.334261
0.337687
0.341114
0.344544
0.347974
0.351407
0.354841
0.358277
0.361714
0.365152
0.368592
0.372033
0.375476
0.378920
0.382365
0.385811
0.389259
0.392708
0.396158
0.399609
0.403061
0.406514
0.409968
0.413423
0.416879
0.420336
0.423793
0.427252
0.430711
0.434171
0.437632
0.441093
0.444555
0.448017
0.451480
0.454944
0.458408
0.461872
0.465337
0.468803
0.472268
0.475734
0.479200
0.482666
0.486133
0.489600
0.493066
0.496533
0.500000
0.500392
0.500778
0.501160
0.501536
0.501907
0.502274
0.502635
0.502991
0.503342
0.503688
0.504029
0.504364
0.504695
0.505020
0.505340
0.505655
0.505965
0.506270
0.506569
0.506864
0.507153
0.507437
0.507716
0.507989
0.508257
0.508521
0.508778
0.509031
0.509279
0.509521
0.509758
0.509989
0.510216
0.510437
0.510653
0.510864
0.511069
0.511269
0.511464
0.511653
0.511838
0.512017
0.512190
0.512358
0.512521
0.512679
0.512832
0.512979
0.513120
0.513257
0.513388
0.513514
0.513634
0.513749
0.513859
0.513964
0.514063
0.514156
0.514245
0.514328
0.514405
0.514478
0.514545
0.514606
0.514663
0.514714
0.514759
0.514799
0.514834
0.514864
0.514888
0.514907
0.514920
0.514928
0.514931
0.514928
0.514920
0.514907
0.514888
0.514864
0.514834
0.514799
0.514759
0.514714
0.514663
0.514606
0.514545
0.514478
0.514405
0.514328
0.514245
0.514156
0.514063
0.513964
0.513859
0.513749
0.513634
0.513514
0.513388
0.513257
0.513120
0.512979
0.512832
0.512679
0.512521
0.512358
0.512190
0.512017
0.511838
0.511653
0.511464
0.511269
0.511069
0.510864
0.510653
0.510437
0.510216
0.509989
0.509758
0.509521
0.509279
0.509031
0.508778
0.508521
0.508257
0.507989
0.507716
0.507437
0.507153
0.506864
0.506569
0.506270
0.505965
0.505655
0.505340
0.505020
0.504695
0.504364
0.504029
0.503688
0.503342
0.502991
0.502635
0.502274
0.501907
0.501536
0.501160
0.500778
0.500392
0.500000
0.496533
0.493066
0.489600
0.486133
0.482666
0.479200
0.475734
0.472268
0.468803
0.465337
0.461872
0.458408
0.454944
0.451480
0.448017
0.444555
0.441093
0.437632
0.434171
0.430711
0.427252
0.423793
0.420336
0.416879
0.413423
0.409968
0.406514
0.403061
0.399609
0.396158
0.392708
0.389259
0.385811
0.382365
0.378920
0.375476
0.372033
0.368592
0.365152
0.361714
0.358277
0.354841
0.351407
0.347974
0.344544
0.341114
0.337687
0.334261
0.330837
0.327414
0.323994
0.320575
0.317158
0.313743
0.310330
0.306919
0.303510
0.300104
0.296699
0.293296
0.289896
0.286497
0.283101
0.279707
0.276316
0.272927
0.269540
0.266155
0.262773
0.259394
0.256017
0.252642
0.249270
0.245901
0.242535
0.239171
0.235809
0.232451
0.229095
0.225742
0.222392
0.219045
0.215701
0.212360
0.209021
0.205686
0.202354
0.199025
0.195699
0.192376
0.189056
0.185740
0.182427
0.179117
0.175810
0.172507
0.169207
0.165911
0.162618
0.159329
0.156043
0.152760
0.149482
0.146206
0.142935
0.139667
0.136403
0.133142
0.129886
0.126633
0.123384
0.120139
0.116898
0.113661
0.110427
0.107198
0.103973
0.100752
0.097534
0.094321
0.091113
0.087908
0.084708
0.081511
0.078319
0.075132
0.071949
0.068770
0.065595
0.062425
0.059260
0.056099
0.052942
0.049790
0.046642
0.043500
0.040361
0.037228
0.034099
0.030975
0.027856
0.024741
0.021631
0.018526
0.015426
0.012331
0.009241
0.006156
0.003075
0.000000
0.000000
0.000000
0.000000
0.000000
0.000000
0.000000
0.000000
0.000000
0.000000
0.000000
0.000000
0.000000
0.000000
0.000000
0.000000
0.000000
0.000000
0.000000
0.000000
0.000000
0.000000
0.000000
0.000000
0.000000
0.000000
0.000000
0.000000
0.000000
0.000000
0.000000
0.000000
0.000000
0.000000
0.000000
0.000000
0.000000
0.000000
0.000000
0.000000
0.000000
0.000000
0.000000
0.000000
0.000000
0.000000
0.000000
0.000000
0.000000
0.000000
0.000000
0.000000
0.000000
0.000000
0.000000
0.000000
0.000000
0.000000
0.000000
0.000000
0.000000
0.000000
0.000000
0.000000
0.000000
0.000000
0.000000
0.000000
0.000000
0.000000
0.000000
0.000000
0.000000
0.000000
0.000000
0.000000
0.000000
0.000000
0.000000
0.000000
0.000000
0.000000
0.000000
0.000000
0.000000
0.000000
0.000000
0.000000
0.000000
0.000000
0.000000
0.000000
0.000000
0.000000
0.000000
0.000000
0.000000
0.000000
0.000000
0.000000
0.000000
0.000000
0.000000
0.000000
0.000000
0.000000
0.000000
0.000000
0.000000
0.000000
0.000000
0.000000
0.000000
0.000000
0.000000
0.000000
0.000000
0.000000
0.000000
0.000000
0.000000
0.000000
0.000000
0.000000
0.000000
0.000000
0.000000
0.000000
0.000000
0.000000
0.000000
0.000000
0.000000
0.000000
0.000000
0.000000
0.000000
0.000000
0.000000
0.000000
0.000000
0.000000
0.000000
0.000000
0.000000
0.000000
0.000000
0.000000
0.000000
0.000000
0.000000
0.003075
0.006156
0.009241
0.012331
0.015426
0.018526
0.021631
0.024741
0.027856
0.030975
0.034099
0.037228
0.040361
0.043500
0.046642
0.049790
0.052942
0.056099
0.059260
0.062425
0.065595
0.068770
0.071949
0.075132
0.078319
0.081511
0.084708
0.087908
0.091113
0.094321
0.097534
0.100752
0.103973
0.107198
0.110427
0.113661
0.116898
0.120139
0.123384
0.126633
0.129886
0.133142
0.136403
0.139667
0.142935
0.146206
0.149482
0.152760
0.156043
0.159329
0.162618
0.165911
0.169207
0.172507
0.175810
0.179117
0.182427
0.185740
0.189056
0.192376
0.195699
0.199025
0.202354
0.205686
0.209021
0.212360
0.215701
0.219045
0.222392
0.225742
0.229095
0.232451
0.235809
0.239171
0.242535
0.245901
0.249270
0.252642
0.256017
0.259394
0.262773
0.266155
0.269540
0.272927
0.276316
0.279707
0.283101
0.286497
0.289896
0.293296
0.296699
0.300104
0.303510
0.306919
0.310330
0.313743
0.317158
0.320575
0.323994
0.327414
0.330837
0.334261
0.337687
0.341114
0.344544
0.347974
0.351407
0.354841
0.358277
0.361714
0.365152
0.368592
0.372033
0.375476
0.378920
0.382365
0.385811
0.389259
0.392708
0.396158
0.399609
0.403061
0.406514
0.409968
0.413423
0.416879
0.420336
0.423793
0.427252
0.430711
0.434171
0.437632
0.441093
0.444555
0.448017
0.451480
0.454944
0.458408
0.461872
0.465337
0.468803
0.472268
0.475734
0.479200
0.482666
0.486133
0.489600
0.493066
0.496533
0.500000
0.500392
0.500778
0.501160
0.501536
0.501907
0.502274
0.502635
0.502991
0.503342
0.503688
0.504029
0.504364
0.504695
0.505020
0.505340
0.505655
0.505965
0.506270
0.506569
0.506864
0.507153
0.507437
0.507716
0.507989
0.508257
0.508521
0.508778
0.509031
0.509279
0.509521
0.509758
0.509989
0.510216
0.510437
0.510653
0.510864
0.511069
0.511269
0.511464
0.511653
0.511838
0.512017
0.512190
0.512358
0.512521
0.512679
0.512832
0.512979
0.513120
0.513257
0.513388
0.513514
0.513634
0.513749
0.513859
0.513964
0.514063
0.514156
0.514245
0.514328
0.514405
0.514478
0.514545
0.514606
0.514663
0.514714
0.514759
0.514799
0.514834
0.514864
0.514888
0.514907
0.514920
0.514928
0.514931
0.514928
0.514920
0.514907
0.514888
0.514864
0.514834
0.514799
0.514759
0.514714
0.514663
0.514606
0.514545
0.514478
0.514405
0.514328
0.514245
0.514156
0.514063
0.513964
0.513859
0.513749
0.513634
0.513514
0.513388
0.513257
0.513120
0.512979
0.512832
0.512679
0.512521
0.512358
0.512190
0.512017
0.511838
0.511653
0.511464
0.511269
0.511069
0.510864
0.510653
0.510437
0.510216
0.509989
0.509758
0.509521
0.509279
0.509031
0.508778
0.508521
0.508257
0.507989
0.507716
0.507437
0.507153
0.506864
0.506569
0.506270
0.505965
0.505655
0.505340
0.505020
0.504695
0.504364
0.504029
0.503688
0.503342
0.502991
0.502635
0.502274
0.501907
0.501536
0.501160
0.500778
0.500392
0.500000
0.499608
0.499222
0.498840
0.498464
0.498093
0.497726
0.497365
0.497009
0.496658
0.496312
0.495971
0.495636
0.495305
0.494980
0.494660
0.494345
0.494035
0.493730
0.493431
0.493136
0.492847
0.492563
0.492284
0.492011
0.491743
0.491479
0.491222
0.490969
0.490721
0.490479
0.490242
0.490011
0.489784
0.489563
0.489347
0.489136
0.488931
0.488731
0.488536
0.488347
0.488162
0.487983
0.487810
0.487642
0.487479
0.487321
0.487168
0.487021
0.486880
0.486743
0.486612
0.486486
0.486366
0.486251
0.486141
0.486036
0.485937
0.485844
0.485755
0.485672
0.485595
0.485522
0.485455
0.485394
0.485337
0.485286
0.485241
0.485201
0.485166
0.485136
0.485112
0.485093
0.485080
0.485072
0.485069
0.485072
0.485080
0.485093
0.485112
0.485136
0.485166
0.485201
0.485241
0.485286
0.485337
0.485394
0.485455
0.485522
0.485595
0.485672
0.485755
0.485844
0.485937
0.486036
0.486141
0.486251
0.486366
0.486486
0.486612
0.486743
0.486880
0.487021
0.487168
0.487321
0.487479
0.487642
0.487810
0.487983
0.488162
0.488347
0.488536
0.488731
0.488931
0.489136
0.489347
0.489563
0.489784
0.490011
0.490242
0.490479
0.490721
0.490969
0.491222
0.491479
0.491743
0.492011
0.492284
0.492563
0.492847
0.493136
0.493431
0.493730
0.494035
0.494345
0.494660
0.494980
0.495305
0.495636
0.495971
0.496312
0.496658
0.497009
0.497365
0.497726
0.498093
0.498464
0.498840
0.499222
0.499608
0.500000
0.500392
0.500778
0.501160
0.501536
0.501907
0.502274
0.502635
0.502991
0.503342
0.503688
0.504029
0.504364
0.504695
0.505020
0.505340
0.505655
0.505965
0.506270
0.506569
0.506864
0.507153
0.507437
0.507716
0.507989
0.508257
0.508521
0.508778
0.509031
0.509279
0.509521
0.509758
0.509989
0.510216
0.510437
0.510653
0.510864
0.511069
0.511269
0.511464
0.511653
0.511838
0.512017
0.512190
0.512358
0.512521
0.512679
0.512832
0.512979
0.513120
0.513257
0.513388
0.513514
0.513634
0.513749
0.513859
0.513964
0.514063
0.514156
0.514245
0.514328
0.514405
0.514478
0.514545
0.514606
0.514663
0.514714
0.514759
0.514799
0.514834
0.514864
0.514888
0.514907
0.514920
0.514928
0.514931
0.514928
0.514920
0.514907
0.514888
0.514864
0.514834
0.514799
0.514759
0.514714
0.514663
0.514606
0.514545
0.514478
0.514405
0.514328
0.514245
0.514156
0.514063
0.513964
0.513859
0.513749
0.513634
0.513514
0.513388
0.513257
0.513120
0.512979
0.512832
0.512679
0.512521
0.512358
0.512190
0.512017
0.511838
0.511653
0.511464
0.511269
0.511069
0.510864
0.510653
0.510437
0.510216
0.509989
0.509758
0.509521
0.509279
0.509031
0.508778
0.508521
0.508257
0.507989
0.507716
0.507437
0.507153
0.506864
0.506569
0.506270
0.505965
0.505655
0.505340
0.505020
0.504695
0.504364
0.504029
0.503688
0.503342
0.502991
0.502635
0.502274
0.501907
0.501536
0.501160
0.500778
0.500392
0.500000
0.499608
0.499222
0.498840
0.498464
0.498093
0.497726
0.497365
0.497009
0.496658
0.496312
0.495971
0.495636
0.495305
0.494980
0.494660
0.494345
0.494035
0.493730
0.493431
0.493136
0.492847
0.492563
0.492284
0.492011
0.491743
0.491479
0.491222
0.490969
0.490721
0.490479
0.490242
0.490011
0.489784
0.489563
0.489347
0.489136
0.488931
0.488731
0.488536
0.488347
0.488162
0.487983
0.487810
0.487642
0.487479
0.487321
0.487168
0.487021
0.486880
0.486743
0.486612
0.486486
0.486366
0.486251
0.486141
0.486036
0.485937
0.485844
0.485755
0.485672
0.485595
0.485522
0.485455
0.485394
0.485337
0.485286
0.485241
0.485201
0.485166
0.485136
0.485112
0.485093
0.485080
0.485072
0.485069
0.485072
0.485080
0.485093
0.485112
0.485136
0.485166
0.485201
0.485241
0.485286
0.485337
0.485394
0.485455
0.485522
0.485595
0.485672
0.485755
0.485844
0.485937
0.486036
0.486141
0.486251
0.486366
0.486486
0.486612
0.486743
0.486880
0.487021
0.487168
0.487321
0.487479
0.487642
0.487810
0.487983
0.488162
0.488347
0.488536
0.488731
0.488931
0.489136
0.489347
0.489563
0.489784
0.490011
0.490242
0.490479
0.490721
0.490969
0.491222
0.491479
0.491743
0.492011
0.492284
0.492563
0.492847
0.493136
0.493431
0.493730
0.494035
0.494345
0.494660
0.494980
0.495305
0.495636
0.495971
0.496312
0.496658
0.497009
0.497365
0.497726
0.498093
0.498464
0.498840
0.499222
0.499608
0.500000
0.500392
0.500778
0.501160
0.501536
0.501907
0.502274
0.502635
0.502991
0.503342
0.503688
0.504029
0.504364
0.504695
0.505020
0.505340
0.505655
0.505965
0.506270
0.506569
0.506864
0.507153
0.507437
0.507716
0.507989
0.508257
0.508521
0.508778
0.509031
0.509279
0.509521
0.509758
0.509989
0.510216
0.510437
0.510653
0.510864
0.511069
0.511269
0.511464
0.511653
0.511838
0.512017
0.512190
0.512358
0.512521
0.512679
0.512832
0.512979
0.513120
0.513257
0.513388
0.513514
0.513634
0.513749
0.513859
0.513964
0.514063
0.514156
0.514245
0.514328
0.514405
0.514478
0.514545
0.514606
0.514663
0.514714
0.514759
0.514799
0.514834
0.514864
0.514888
0.514907
0.514920
0.514928
0.514931
0.514928
0.514920
0.514907
0.514888
0.514864
0.514834
0.514799
0.514759
0.514714
0.514663
0.514606
0.514545
0.514478
0.514405
0.514328
0.514245
0.514156
0.514063
0.513964
0.513859
0.513749
0.513634
0.513514
0.513388
0.513257
0.513120
0.512979
0.512832
0.512679
0.512521
0.512358
0.512190
0.512017
0.511838
0.511653
0.511464
0.511269
0.511069
0.510864
0.510653
0.510437
0.510216
0.509989
0.509758
0.509521
0.509279
0.509031
0.508778
0.508521
0.508257
0.507989
0.507716
0.507437
0.507153
0.506864
0.506569
0.506270
0.505965
0.505655
0.505340
0.505020
0.504695
0.504364
0.504029
0.503688
0.503342
0.502991
0.502635
0.502274
0.501907
0.501536
0.501160
0.500778
0.500392
0.500000
0.499608
0.499222
0.498840
0.498464
0.498093
0.497726
0.497365
0.497009
0.496658
0.496312
0.495971
0.495636
0.495305
0.494980
0.494660
0.494345
0.494035
0.493730
0.493431
0.493136
0.492847
0.492563
0.492284
0.492011
0.491743
0.491479
0.491222
0.490969
0.490721
0.490479
0.490242
0.490011
0.489784
0.489563
0.489347
0.489136
0.488931
0.488731
0.488536
0.488347
0.488162
0.487983
0.487810
0.487642
0.487479
0.487321
0.487168
0.487021
0.486880
0.486743
0.486612
0.486486
0.486366
0.486251
0.486141
0.486036
0.485937
0.485844
0.485755
0.485672
0.485595
0.485522
0.485455
0.485394
0.485337
0.485286
0.485241
0.485201
0.485166
0.485136
0.485112
0.485093
0.485080
0.485072
0.485069
0.485072
0.485080
0.485093
0.485112
0.485136
0.485166
0.485201
0.485241
0.485286
0.485337
0.485394
0.485455
0.485522
0.485595
0.485672
0.485755
0.485844
0.485937
0.486036
0.486141
0.486251
0.486366
0.486486
0.486612
0.486743
0.486880
0.487021
0.487168
0.487321
0.487479
0.487642
0.487810
0.487983
0.488162
0.488347
0.488536
0.488731
0.488931
0.489136
0.489347
0.489563
0.489784
0.490011
0.490242
0.490479
0.490721
0.490969
0.491222
0.491479
0.491743
0.492011
0.492284
0.492563
0.492847
0.493136
0.493431
0.493730
0.494035
0.494345
0.494660
0.494980
0.495305
0.495636
0.495971
0.496312
0.496658
0.497009
0.497365
0.497726
0.498093
0.498464
0.498840
0.499222
0.499608
0.500000
0.500392
0.500778
0.501160
0.501536
0.501907
0.502274
0.502635
0.502991
0.503342
0.503688
0.504029
0.504364
0.504695
0.505020
0.505340
0.505655
0.505965
0.506270
0.506569
0.506864
0.507153
0.507437
0.507716
0.507989
0.508257
0.508521
0.508778
0.509031
0.509279
0.509521
0.509758
0.509989
0.510216
0.510437
0.510653
0.510864
0.511069
0.511269
0.511464
0.511653
0.511838
0.512017
0.512190
0.512358
0.512521
0.512679
0.512832
0.512979
0.513120
0.513257
0.513388
0.513514
0.513634
0.513749
0.513859
0.513964
0.514063
0.514156
0.514245
0.514328
0.514405
0.514478
0.514545
0.514606
0.514663
0.514714
0.514759
0.514799
0.514834
0.514864
0.514888
0.514907
0.514920
0.514928
0.514931
0.514928
0.514920
0.514907
0.514888
0.514864
0.514834
0.514799
0.514759
0.514714
0.514663
0.514606
0.514545
0.514478
0.514405
0.514328
0.514245
0.514156
0.514063
0.513964
0.513859
0.513749
0.513634
0.513514
0.513388
0.513257
0.513120
0.512979
0.512832
0.512679
0.512521
0.512358
0.512190
0.512017
0.511838
0.511653
0.511464
0.511269
0.511069
0.510864
0.510653
0.510437
0.510216
0.509989
0.509758
0.509521
0.509279
0.509031
0.508778
0.508521
0.508257
0.507989
0.507716
0.507437
0.507153
0.506864
0.506569
0.506270
0.505965
0.505655
0.505340
0.505020
0.504695
0.504364
0.504029
0.503688
0.503342
0.502991
0.502635
0.502274
0.501907
0.501536
0.501160
0.500778
0.500392
0.500000
0.499608
0.499222
0.498840
0.498464
0.498093
0.497726
0.497365
0.497009
0.496658
0.496312
0.495971
0.495636
0.495305
0.494980
0.494660
0.494345
0.494035
0.493730
0.493431
0.493136
0.492847
0.492563
0.492284
0.492011
0.491743
0.491479
0.491222
0.490969
0.490721
0.490479
0.490242
0.490011
0.489784
0.489563
0.489347
0.489136
0.488931
0.488731
0.488536
0.488347
0.488162
0.487983
0.487810
0.487642
0.487479
0.487321
0.487168
0.487021
0.486880
0.486743
0.486612
0.486486
0.486366
0.486251
0.486141
0.486036
0.485937
0.485844
0.485755
0.485672
0.485595
0.485522
0.485455
0.485394
0.485337
0.485286
0.485241
0.485201
0.485166
0.485136
0.485112
0.485093
0.485080
0.485072
0.485069
0.485072
0.485080
0.485093
0.485112
0.485136
0.485166
0.485201
0.485241
0.485286
0.485337
0.485394
0.485455
0.485522
0.485595
0.485672
0.485755
0.485844
0.485937
0.486036
0.486141
0.486251
0.486366
0.486486
0.486612
0.486743
0.486880
0.487021
0.487168
0.487321
0.487479
0.487642
0.487810
0.487983
0.488162
0.488347
0.488536
0.488731
0.488931
0.489136
0.489347
0.489563
0.489784
0.490011
0.490242
0.490479
0.490721
0.490969
0.491222
0.491479
0.491743
0.492011
0.492284
0.492563
0.492847
0.493136
0.493431
0.493730
0.494035
0.494345
0.494660
0.494980
0.495305
0.495636
0.495971
0.496312
0.496658
0.497009
0.497365
0.497726
0.498093
0.498464
0.498840
0.499222
0.499608
0.500000
0.500392
0.500778
0.501160
0.501536
0.501907
0.502274
0.502635
0.502991
0.503342
0.503688
0.504029
0.504364
0.504695
0.505020
0.505340
0.505655
0.505965
0.506270
0.506569
0.506864
0.507153
0.507437
0.507716
0.507989
0.508257
0.508521
0.508778
0.509031
0.509279
0.509521
0.509758
0.509989
0.510216
0.510437
0.510653
0.510864
0.511069
0.511269
0.511464
0.511653
0.511838
0.512017
0.512190
0.512358
0.512521
0.512679
0.512832
0.512979
0.513120
0.513257
0.513388
0.513514
0.513634
0.513749
0.513859
0.513964
0.514063
0.514156
0.514245
0.514328
0.514405
0.514478
0.514545
0.514606
0.514663
0.514714
0.514759
0.514799
0.514834
0.514864
0.514888
0.514907
0.514920
0.514928
0.514931
0.514928
0.514920
0.514907
0.514888
0.514864
0.514834
0.514799
0.514759
0.514714
0.514663
0.514606
0.514545
0.514478
0.514405
0.514328
0.514245
0.514156
0.514063
0.513964
0.513859
0.513749
0.513634
0.513514
0.513388
0.513257
0.513120
0.512979
0.512832
0.512679
0.512521
0.512358
0.512190
0.512017
0.511838
0.511653
0.511464
0.511269
0.511069
0.510864
0.510653
0.510437
0.510216
0.509989
0.509758
0.509521
0.509279
0.509031
0.508778
0.508521
0.508257
0.507989
0.507716
0.507437
0.507153
0.506864
0.506569
0.506270
0.505965
0.505655
0.505340
0.505020
0.504695
0.504364
0.504029
0.503688
0.503342
0.502991
0.502635
0.502274
0.501907
0.501536
0.501160
0.500778
0.500392
0.500000
0.496533
0.493066
0.489600
0.486133
0.482666
0.479200
0.475734
0.472268
0.468803
0.465337
0.461872
0.458408
0.454944
0.451480
0.448017
0.444555
0.441093
0.437632
0.434171
0.430711
0.427252
0.423793
0.420336
0.416879
0.413423
0.409968
0.406514
0.403061
0.399609
0.396158
0.392708
0.389259
0.385811
0.382365
0.378920
0.375476
0.372033
0.368592
0.365152
0.361714
0.358277
0.354841
0.351407
0.347974
0.344544
0.341114
0.337687
0.334261
0.330837
0.327414
0.323994
0.320575
0.317158
0.313743
0.310330
0.306919
0.303510
0.300104
0.296699
0.293296
0.289896
0.286497
0.283101
0.279707
0.276316
0.272927
0.269540
0.266155
0.262773
0.259394
0.256017
0.252642
0.249270
0.245901
0.242535
0.239171
0.235809
0.232451
0.229095
0.225742
0.222392
0.219045
0.215701
0.212360
0.209021
0.205686
0.202354
0.199025
0.195699
0.192376
0.189056
0.185740
0.182427
0.179117
0.175810
0.172507
0.169207
0.165911
0.162618
0.159329
0.156043
0.152760
0.149482
0.146206
0.142935
0.139667
0.136403
0.133142
0.129886
0.126633
0.123384
0.120139
0.116898
0.113661
0.110427
0.107198
0.103973
0.100752
0.097534
0.094321
0.091113
0.087908
0.084708
0.081511
0.078319
0.075132
0.071949
0.068770
0.065595
0.062425
0.059260
0.056099
0.052942
0.049790
0.046642
0.043500
0.040361
0.037228
0.034099
0.030975
0.027856
0.024741
0.021631
0.018526
0.015426
0.012331
0.009241
0.006156
0.003075
0.000000
0.000000
0.000000
0.000000
0.000000
0.000000
0.000000
0.000000
0.000000
0.000000
0.000000
0.000000
0.000000
0.000000
0.000000
0.000000
0.000000
0.000000
0.000000
0.000000
0.000000
0.000000
0.000000
0.000000
0.000000
0.000000
0.000000
0.000000
0.000000
0.000000
0.000000
0.000000
0.000000
0.000000
0.000000
0.000000
0.000000
0.000000
0.000000
0.000000
0.000000
0.000000
0.000000
0.000000
0.000000
0.000000
0.000000
0.000000
0.000000
0.000000
0.000000
0.000000
0.000000
0.000000
0.000000
0.000000
0.000000
0.000000
0.000000
0.000000
0.000000
0.000000
0.000000
0.000000
0.000000
0.000000
0.000000
0.000000
0.000000
0.000000
0.000000
0.000000
0.000000
0.000000
0.000000
0.000000
0.000000
0.000000
0.000000
0.000000
0.000000
0.000000
0.000000
0.000000
0.000000
0.000000
0.000000
0.000000
0.000000
0.000000
0.000000
0.000000
0.000000
0.000000
0.000000
0.000000
0.000000
0.000000
0.000000
0.000000
0.000000
0.000000
0.000000
0.000000
0.000000
0.000000
0.000000
0.000000
0.000000
0.000000
0.000000
0.000000
0.000000
0.000000
0.000000
0.000000
0.000000
0.000000
0.000000
0.000000
0.000000
0.000000
0.000000
0.000000
0.000000
0.000000
0.000000
0.000000
0.000000
0.000000
0.000000
0.000000
0.000000
0.000000
0.000000
0.000000
0.000000
0.000000
0.000000
0.000000
0.000000
0.000000
0.000000
0.000000
0.000000
0.000000
0.000000
0.000000
0.000000
0.000000
0.000000
0.003075
0.006156
0.009241
0.012331
0.015426
0.018526
0.021631
0.024741
0.027856
0.030975
0.034099
0.037228
0.040361
0.043500
0.046642
0.049790
0.052942
0.056099
0.059260
0.062425
0.065595
0.068770
0.071949
0.075132
0.078319
0.081511
0.084708
0.087908
0.091113
0.094321
0.097534
0.100752
0.103973
0.107198
0.110427
0.113661
0.116898
0.120139
0.123384
0.126633
0.129886
0.133142
0.136403
0.139667
0.142935
0.146206
0.149482
0.152760
0.156043
0.159329
0.162618
0.165911
0.169207
0.172507
0.175810
0.179117
0.182427
0.185740
0.189056
0.192376
0.195699
0.199025
0.202354
0.205686
0.209021
0.212360
0.215701
0.219045
0.222392
0.225742
0.229095
0.232451
0.235809
0.239171
0.242535
0.245901
0.249270
0.252642
0.256017
0.259394
0.262773
0.266155
0.269540
0.272927
0.276316
0.279707
0.283101
0.286497
0.289896
0.293296
0.296699
0.300104
0.303510
0.306919
0.310330
0.313743
0.317158
0.320575
0.323994
0.327414
0.330837
0.334261
0.337687
0.341114
0.344544
0.347974
0.351407
0.354841
0.358277
0.361714
0.365152
0.368592
0.372033
0.375476
0.378920
0.382365
0.385811
0.389259
0.392708
0.396158
0.399609
0.403061
0.406514
0.409968
0.413423
0.416879
0.420336
0.423793
0.427252
0.430711
0.434171
0.437632
0.441093
0.444555
0.448017
0.451480
0.454944
0.458408
0.461872
0.465337
0.468803
0.472268
0.475734
0.479200
0.482666
0.486133
0.489600
0.493066
0.496533
0.500000
0.500392
0.500778
0.501160
0.501536
0.501907
0.502274
0.502635
0.502991
0.503342
0.503688
0.504029
0.504364
0.504695
0.505020
0.505340
0.505655
0.505965
0.506270
0.506569
0.506864
0.507153
0.507437
0.507716
0.507989
0.508257
0.508521
0.508778
0.509031
0.509279
0.509521
0.509758
0.509989
0.510216
0.510437
0.510653
0.510864
0.511069
0.511269
0.511464
0.511653
0.511838
0.512017
0.512190
0.512358
0.512521
0.512679
0.512832
0.512979
0.513120
0.513257
0.513388
0.513514
0.513634
0.513749
0.513859
0.513964
0.514063
0.514156
0.514245
0.514328
0.514405
0.514478
0.514545
0.514606
0.514663
0.514714
0.514759
0.514799
0.514834
0.514864
0.514888
0.514907
0.514920
0.514928
0.514931
0.514928
0.514920
0.514907
0.514888
0.514864
0.514834
0.514799
0.514759
0.514714
0.514663
0.514606
0.514545
0.514478
0.514405
0.514328
0.514245
0.514156
0.514063
0.513964
0.513859
0.513749
0.513634
0.513514
0.513388
0.513257
0.513120
0.512979
0.512832
0.512679
0.512521
0.512358
0.512190
0.512017
0.511838
0.511653
0.511464
0.511269
0.511069
0.510864
0.510653
0.510437
0.510216
0.509989
0.509758
0.509521
0.509279
0.509031
0.508778
0.508521
0.508257
0.507989
0.507716
0.507437
0.507153
0.506864
0.506569
0.506270
0.505965
0.505655
0.505340
0.505020
0.504695
0.504364
0.504029
0.503688
0.503342
0.502991
0.502635
0.502274
0.501907
0.501536
0.501160
0.500778
0.500392
0.500000
0.496533
0.493066
0.489600
0.486133
0.482666
0.479200
0.475734
0.472268
0.468803
0.465337
0.461872
0.458408
0.454944
0.451480
0.448017
0.444555
0.441093
0.437632
0.434171
0.430711
0.427252
0.423793
0.420336
0.416879
0.413423
0.409968
0.406514
0.403061
0.399609
0.396158
0.392708
0.389259
0.385811
0.382365
0.378920
0.375476
0.372033
0.368592
0.365152
0.361714
0.358277
0.354841
0.351407
0.347974
0.344544
0.341114
0.337687
0.334261
0.330837
0.327414
0.323994
0.320575
0.317158
0.313743
0.310330
0.306919
0.303510
0.300104
0.296699
0.293296
0.289896
0.286497
0.283101
0.279707
0.276316
0.272927
0.269540
0.266155
0.262773
0.259394
0.256017
0.252642
0.249270
0.245901
0.242535
0.239171
0.235809
0.232451
0.229095
0.225742
0.222392
0.219045
0.215701
0.212360
0.209021
0.205686
0.202354
0.199025
0.195699
0.192376
0.189056
0.185740
0.182427
0.179117
0.175810
0.172507
0.169207
0.165911
0.162618
0.159329
0.156043
0.152760
0.149482
0.146206
0.142935
0.139667
0.136403
0.133142
0.129886
0.126633
0.123384
0.120139
0.116898
0.113661
0.110427
0.107198
0.103973
0.100752
0.097534
0.094321
0.091113
0.087908
0.084708
0.081511
0.078319
0.075132
0.071949
0.068770
0.065595
0.062425
0.059260
0.056099
0.052942
0.049790
0.046642
0.043500
0.040361
0.037228
0.034099
0.030975
0.027856
0.024741
0.021631
0.018526
0.015426
0.012331
0.009241
0.006156
0.003075
0.000000
0.000000
0.000000
0.000000
0.000000
0.000000
0.000000
0.000000
0.000000
0.000000
0.000000
0.000000
0.000000
0.000000
0.000000
0.000000
0.000000
0.000000
0.000000
0.000000
0.000000
0.000000
0.000000
0.000000
0.000000
0.000000
0.000000
0.000000
0.000000
0.000000
0.000000
0.000000
0.000000
0.000000
0.000000
0.000000
0.000000
0.000000
0.000000
0.000000
0.000000
0.000000
0.000000
0.000000
0.000000
0.000000
0.000000
0.000000
0.000000
0.000000
0.000000
0.000000
0.000000
0.000000
0.000000
0.000000
0.000000
0.000000
0.000000
0.000000
0.000000
0.000000
0.000000
0.000000
0.000000
0.000000
0.000000
0.000000
0.000000
0.000000
0.000000
0.000000
0.000000
0.000000
0.000000
0.000000
0.000000
0.000000
0.000000
0.000000
0.000000
0.000000
0.000000
0.000000
0.000000
0.000000
0.000000
0.000000
0.000000
0.000000
0.000000
0.000000
0.000000
0.000000
0.000000
0.000000
0.000000
0.000000
0.000000
0.000000
0.000000
0.000000
0.000000
0.000000
0.000000
0.000000
0.000000
0.000000
0.000000
0.000000
0.000000
0.000000
0.000000
0.000000
0.000000
0.000000
0.000000
0.000000
0.000000
0.000000
0.000000
0.000000
0.000000
0.000000
0.000000
0.000000
0.000000
0.000000
0.000000
0.000000
0.000000
0.000000
0.000000
0.000000
0.000000
0.000000
0.000000
0.000000
0.000000
0.000000
0.000000
0.000000
0.000000
0.000000
0.000000
0.000000
0.000000
0.000000
0.000000
0.000000
0.000000
0.003075
0.006156
0.009241
0.012331
0.015426
0.018526
0.021631
0.024741
0.027856
0.030975
0.034099
0.037228
0.040361
0.043500
0.046642
0.049790
0.052942
0.056099
0.059260
0.062425
0.065595
0.068770
0.071949
0.075132
0.078319
0.081511
0.084708
0.087908
0.091113
0.094321
0.097534
0.100752
0.103973
0.107198
0.110427
0.113661
0.116898
0.120139
0.123384
0.126633
0.129886
0.133142
0.136403
0.139667
0.142935
0.146206
0.149482
0.152760
0.156043
0.159329
0.162618
0.165911
0.169207
0.172507
0.175810
0.179117
0.182427
0.185740
0.189056
0.192376
0.195699
0.199025
0.202354
0.205686
0.209021
0.212360
0.215701
0.219045
0.222392
0.225742
0.229095
0.232451
0.235809
0.239171
0.242535
0.245901
0.249270
0.252642
0.256017
0.259394
0.262773
0.266155
0.269540
0.272927
0.276316
0.279707
0.283101
0.286497
0.289896
0.293296
0.296699
0.300104
0.303510
0.306919
0.310330
0.313743
0.317158
0.320575
0.323994
0.327414
0.330837
0.334261
0.337687
0.341114
0.344544
0.347974
0.351407
0.354841
0.358277
0.361714
0.365152
0.368592
0.372033
0.375476
0.378920
0.382365
0.385811
0.389259
0.392708
0.396158
0.399609
0.403061
0.406514
0.409968
0.413423
0.416879
0.420336
0.423793
0.427252
0.430711
0.434171
0.437632
0.441093
0.444555
0.448017
0.451480
0.454944
0.458408
0.461872
0.465337
0.468803
0.472268
0.475734
0.479200
0.482666
0.486133
0.489600
0.493066
0.496533
0.500000
0.500392
0.500778
0.501160
0.501536
0.501907
0.502274
0.502635
0.502991
0.503342
0.503688
0.504029
0.504364
0.504695
0.505020
0.505340
0.505655
0.505965
0.506270
0.506569
0.506864
0.507153
0.507437
0.507716
0.507989
0.508257
0.508521
0.508778
0.509031
0.509279
0.509521
0.509758
0.509989
0.510216
0.510437
0.510653
0.510864
0.511069
0.511269
0.511464
0.511653
0.511838
0.512017
0.512190
0.512358
0.512521
0.512679
0.512832
0.512979
0.513120
0.513257
0.513388
0.513514
0.513634
0.513749
0.513859
0.513964
0.514063
0.514156
0.514245
0.514328
0.514405
0.514478
0.514545
0.514606
0.514663
0.514714
0.514759
0.514799
0.514834
0.514864
0.514888
0.514907
0.514920
0.514928
0.514931
0.514928
0.514920
0.514907
0.514888
0.514864
0.514834
0.514799
0.514759
0.514714
0.514663
0.514606
0.514545
0.514478
0.514405
0.514328
0.514245
0.514156
0.514063
0.513964
0.513859
0.513749
0.513634
0.513514
0.513388
0.513257
0.513120
0.512979
0.512832
0.512679
0.512521
0.512358
0.512190
0.512017
0.511838
0.511653
0.511464
0.511269
0.511069
0.510864
0.510653
0.510437
0.510216
0.509989
0.509758
0.509521
0.509279
0.509031
0.508778
0.508521
0.508257
0.507989
0.507716
0.507437
0.507153
0.506864
0.506569
0.506270
0.505965
0.505655
0.505340
0.505020
0.504695
0.504364
0.504029
0.503688
0.503342
0.502991
0.502635
0.502274
0.501907
0.501536
0.501160
0.500778
0.500392
0.500000
