# Nyquist Signal
0.006290
0.012632
0.018871
0.024843
0.030387
0.035344
0.039559
0.042893
0.045218
0.046424
0.046424
0.045154
0.042580
0.038694
0.033521
0.027117
0.019571
0.011005
0.001572
-0.008544
-0.019131
-0.029953
-0.040750
-0.051242
-0.061140
-0.070139
-0.077934
-0.084218
-0.088691
-0.091063
-0.091063
-0.088440
-0.082967
-0.074452
-0.062737
-0.047701
-0.029266
-0.007397
0.017895
0.046553
0.072185
0.100877
0.132596
0.167267
0.204781
0.244989
0.287705
0.332704
0.379730
0.428490
0.478663
0.529898
0.581822
0.634042
0.686146
0.737714
0.788318
0.837528
0.884918
0.930069
0.978868
1.024690
1.067017
1.105352
1.139228
1.168220
1.191945
1.210078
1.222348
1.228551
1.228551
1.222285
1.209765
1.191080
1.166397
1.135958
1.100079
1.059152
1.013630
0.964034
0.904649
0.842333
0.777908
0.712233
0.646187
0.580664
0.516549
0.454711
0.395990
0.341176
0.291003
0.246136
0.207157
0.174558
0.148731
0.129963
0.118430
0.114193
0.117200
0.127282
0.150448
0.173990
0.203690
0.238930
0.278995
0.323078
0.370305
0.419741
0.470416
0.521337
0.571510
0.619956
0.665732
0.707949
0.745787
0.778510
0.805484
0.826186
0.840215
0.847298
0.841008
0.827582
0.807315
0.780641
0.748122
0.710443
0.668390
0.622839
0.574738
0.525086
0.474914
0.425262
0.377161
0.331610
0.289557
0.251878
0.219359
0.192685
0.172418
0.158992
0.152702
0.159785
0.173814
0.194516
0.221490
0.254213
0.292051
0.334268
0.380044
0.428490
0.478663
0.529584
0.580259
0.629695
0.676922
0.721005
0.761070
0.796310
0.826010
0.849552
0.872718
0.882800
0.885807
0.881570
0.870037
0.851269
0.825442
0.792843
0.753864
0.708997
0.658824
0.604010
0.545289
0.483451
0.419336
0.353813
0.287767
0.222092
0.157667
0.095351
0.029676
-0.026263
-0.078022
-0.124923
-0.166345
-0.201741
-0.230640
-0.252658
-0.267502
-0.274974
-0.274974
-0.267502
-0.252658
-0.230640
-0.201741
-0.166345
-0.124923
-0.078022
-0.026263
0.029676
