# Raised Cosine Signal
0.002731
0.003038
0.003348
0.003664
0.003982
0.004304
0.004629
0.004956
0.005285
0.005615
0.005946
0.006278
0.006609
0.006940
0.007270
0.007597
0.007923
0.008246
0.008566
0.008883
0.009195
0.009503
0.009805
0.010102
0.010392
0.010676
0.010953
0.011223
0.011484
0.011737
0.014713
0.015255
0.015791
0.016322
0.016846
0.017363
0.017871
0.018371
0.018860
0.019340
0.019808
0.020264
0.020707
0.021137
0.021553
0.021954
0.022340
0.022710
0.023064
0.023400
0.023719
0.024020
0.024302
0.024566
0.024809
0.025033
0.025237
0.025420
0.025582
0.025723
0.023112
0.022904
0.022669
0.022409
0.022123
0.021812
0.021477
0.021117
0.020733
0.020326
0.019897
0.019445
0.018973
0.018480
0.017967
0.017436
0.016886
0.016319
0.015736
0.015137
0.014524
0.013898
0.013259
0.012609
0.011948
0.011278
0.010600
0.009914
0.009223
0.008526
0.010557
0.010160
0.009766
0.009376
0.008990
0.008609
0.008233
0.007863
0.007501
0.007145
0.006798
0.004030
0.003996
0.003966
0.003939
0.003917
0.003898
0.003884
0.003874
0.003868
0.003866
0.003868
0.003874
0.003884
0.003898
0.003917
0.003939
0.003966
0.003996
0.004030
0.001336
0.001070
0.000804
0.000536
0.000268
0.000000
-0.000268
-0.000536
-0.000804
-0.001070
-0.001336
-0.004030
-0.003996
-0.003966
-0.003939
-0.003917
-0.003898
-0.003884
-0.003874
-0.003868
-0.003866
-0.003868
-0.003874
-0.003884
-0.003898
-0.003917
-0.003939
-0.003966
-0.003996
-0.004030
-0.006798
-0.007145
-0.007501
-0.007863
-0.008233
-0.008609
-0.008990
-0.009376
-0.009766
-0.010160
-0.010557
-0.008526
-0.009223
-0.009914
-0.010600
-0.011278
-0.011948
-0.012609
-0.013259
-0.013898
-0.014524
-0.015137
-0.015736
-0.016319
-0.016886
-0.017436
-0.017967
-0.018480
-0.018973
-0.019445
-0.017166
-0.017289
-0.017384
-0.017453
-0.017494
-0.017508
-0.017494
-0.017453
-0.017384
-0.017289
-0.017166
-0.019445
-0.018973
-0.018480
-0.017967
-0.017436
-0.016886
-0.016319
-0.015736
-0.015137
-0.014524
-0.013898
-0.013259
-0.012609
-0.011948
-0.011278
-0.010600
-0.009914
-0.009223
-0.008526
-0.005095
-0.004085
-0.003069
-0.002049
-0.001025
0.000000
0.001025
0.002049
0.003069
0.004085
0.005095
0.008526
0.009223
0.009914
0.010600
0.011278
0.011948
0.012609
0.013259
0.013898
0.014524
0.015137
0.015736
0.016319
0.016886
0.017436
0.017967
0.018480
0.018973
0.019445
0.017166
0.017289
0.017384
0.017453
0.017494
0.017508
0.017494
0.017453
0.017384
0.017289
0.017166
0.019445
0.018973
0.018480
0.017967
0.017436
0.016886
0.016319
0.015736
0.015137
0.014524
0.013898
0.013259
0.012609
0.011948
0.011278
0.010600
0.009914
0.009223
0.008526
0.005095
0.004085
0.003069
0.002049
0.001025
0.000000
-0.001025
-0.002049
-0.003069
-0.004085
-0.005095
-0.008526
-0.009223
-0.009914
-0.010600
-0.011278
-0.011948
-0.012609
-0.013259
-0.013898
-0.014524
-0.015137
-0.015736
-0.016319
-0.016886
-0.017436
-0.017967
-0.018480
-0.018973
-0.019445
