0.000000000000000000e+00
6.407000000000000195e-02
1.278769999999999907e-01
1.911589999999999956e-01
2.536550000000000193e-01
3.151079999999999992e-01
3.752670000000000172e-01
4.338839999999999919e-01
4.907179999999999875e-01
5.455349999999999921e-01
5.981109999999999483e-01
6.482280000000000264e-01
6.956830000000000513e-01
7.402779999999999916e-01
7.818310000000000537e-01
8.201720000000000121e-01
8.551429999999999865e-01
8.865990000000000260e-01
9.144130000000000313e-01
9.384679999999999689e-01
9.586679999999999646e-01
9.749280000000000168e-01
9.871820000000000039e-01
9.953790000000000138e-01
9.994859999999999856e-01
9.994859999999999856e-01
9.953790000000000138e-01
9.871820000000000039e-01
9.749280000000000168e-01
9.586679999999999646e-01
9.384679999999999689e-01
9.144130000000000313e-01
8.865990000000000260e-01
8.551429999999999865e-01
8.201720000000000121e-01
7.818310000000000537e-01
7.402779999999999916e-01
6.956830000000000513e-01
6.482280000000000264e-01
5.981109999999999483e-01
5.455349999999999921e-01
4.907179999999999875e-01
4.338839999999999919e-01
3.752670000000000172e-01
3.151079999999999992e-01
2.536550000000000193e-01
1.911589999999999956e-01
1.278769999999999907e-01
6.407000000000000195e-02
0.000000000000000000e+00
0.000000000000000000e+00
6.407000000000000195e-02
1.278769999999999907e-01
1.911589999999999956e-01
2.536550000000000193e-01
3.151079999999999992e-01
3.752670000000000172e-01
4.338839999999999919e-01
4.907179999999999875e-01
5.455349999999999921e-01
5.981109999999999483e-01
6.482280000000000264e-01
6.956830000000000513e-01
7.402779999999999916e-01
7.818310000000000537e-01
8.201720000000000121e-01
8.551429999999999865e-01
8.865990000000000260e-01
9.144130000000000313e-01
9.384679999999999689e-01
9.586679999999999646e-01
9.749280000000000168e-01
9.871820000000000039e-01
9.953790000000000138e-01
9.994859999999999856e-01
9.994859999999999856e-01
9.953790000000000138e-01
9.871820000000000039e-01
9.749280000000000168e-01
9.586679999999999646e-01
9.384679999999999689e-01
9.144130000000000313e-01
8.865990000000000260e-01
8.551429999999999865e-01
8.201720000000000121e-01
7.818310000000000537e-01
7.402779999999999916e-01
6.956830000000000513e-01
6.482280000000000264e-01
5.981109999999999483e-01
5.455349999999999921e-01
4.907179999999999875e-01
4.338839999999999919e-01
3.752670000000000172e-01
3.151079999999999992e-01
2.536550000000000193e-01
1.911589999999999956e-01
1.278769999999999907e-01
6.407000000000000195e-02
0.000000000000000000e+00
-0.000000000000000000e+00
-6.407000000000000195e-02
-1.278769999999999907e-01
-1.911589999999999956e-01
-2.536550000000000193e-01
-3.151079999999999992e-01
-3.752670000000000172e-01
-4.338839999999999919e-01
-4.907179999999999875e-01
-5.455349999999999921e-01
-5.981109999999999483e-01
-6.482280000000000264e-01
-6.956830000000000513e-01
-7.402779999999999916e-01
-7.818310000000000537e-01
-8.201720000000000121e-01
-8.551429999999999865e-01
-8.865990000000000260e-01
-9.144130000000000313e-01
-9.384679999999999689e-01
-9.586679999999999646e-01
-9.749280000000000168e-01
-9.871820000000000039e-01
-9.953790000000000138e-01
-9.994859999999999856e-01
-9.994859999999999856e-01
-9.953790000000000138e-01
-9.871820000000000039e-01
-9.749280000000000168e-01
-9.586679999999999646e-01
-9.384679999999999689e-01
-9.144130000000000313e-01
-8.865990000000000260e-01
-8.551429999999999865e-01
-8.201720000000000121e-01
-7.818310000000000537e-01
-7.402779999999999916e-01
-6.956830000000000513e-01
-6.482280000000000264e-01
-5.981109999999999483e-01
-5.455349999999999921e-01
-4.907179999999999875e-01
-4.338839999999999919e-01
-3.752670000000000172e-01
-3.151079999999999992e-01
-2.536550000000000193e-01
-1.911589999999999956e-01
-1.278769999999999907e-01
-6.407000000000000195e-02
-0.000000000000000000e+00
-0.000000000000000000e+00
-6.407000000000000195e-02
-1.278769999999999907e-01
-1.911589999999999956e-01
-2.536550000000000193e-01
-3.151079999999999992e-01
-3.752670000000000172e-01
-4.338839999999999919e-01
-4.907179999999999875e-01
-5.455349999999999921e-01
-5.981109999999999483e-01
-6.482280000000000264e-01
-6.956830000000000513e-01
-7.402779999999999916e-01
-7.818310000000000537e-01
-8.201720000000000121e-01
-8.551429999999999865e-01
-8.865990000000000260e-01
-9.144130000000000313e-01
-9.384679999999999689e-01
-9.586679999999999646e-01
-9.749280000000000168e-01
-9.871820000000000039e-01
-9.953790000000000138e-01
-9.994859999999999856e-01
-9.994859999999999856e-01
-9.953790000000000138e-01
-9.871820000000000039e-01
-9.749280000000000168e-01
-9.586679999999999646e-01
-9.384679999999999689e-01
-9.144130000000000313e-01
-8.865990000000000260e-01
-8.551429999999999865e-01
-8.201720000000000121e-01
-7.818310000000000537e-01
-7.402779999999999916e-01
-6.956830000000000513e-01
-6.482280000000000264e-01
-5.981109999999999483e-01
-5.455349999999999921e-01
-4.907179999999999875e-01
-4.338839999999999919e-01
-3.752670000000000172e-01
-3.151079999999999992e-01
-2.536550000000000193e-01
-1.911589999999999956e-01
-1.278769999999999907e-01
-6.407000000000000195e-02
-0.000000000000000000e+00
0.000000000000000000e+00
6.407000000000000195e-02
1.278769999999999907e-01
1.911589999999999956e-01
2.536550000000000193e-01
3.151079999999999992e-01
3.752670000000000172e-01
4.338839999999999919e-01
4.907179999999999875e-01
5.455349999999999921e-01
5.981109999999999483e-01
6.482280000000000264e-01
6.956830000000000513e-01
7.402779999999999916e-01
7.818310000000000537e-01
8.201720000000000121e-01
8.551429999999999865e-01
8.865990000000000260e-01
9.144130000000000313e-01
9.384679999999999689e-01
9.586679999999999646e-01
9.749280000000000168e-01
9.871820000000000039e-01
9.953790000000000138e-01
9.994859999999999856e-01
9.994859999999999856e-01
9.953790000000000138e-01
9.871820000000000039e-01
9.749280000000000168e-01
9.586679999999999646e-01
9.384679999999999689e-01
9.144130000000000313e-01
8.865990000000000260e-01
8.551429999999999865e-01
8.201720000000000121e-01
7.818310000000000537e-01
7.402779999999999916e-01
6.956830000000000513e-01
6.482280000000000264e-01
5.981109999999999483e-01
5.455349999999999921e-01
4.907179999999999875e-01
4.338839999999999919e-01
3.752670000000000172e-01
3.151079999999999992e-01
2.536550000000000193e-01
1.911589999999999956e-01
1.278769999999999907e-01
6.407000000000000195e-02
0.000000000000000000e+00
0.000000000000000000e+00
6.407000000000000195e-02
1.278769999999999907e-01
1.911589999999999956e-01
2.536550000000000193e-01
3.151079999999999992e-01
3.752670000000000172e-01
4.338839999999999919e-01
4.907179999999999875e-01
5.455349999999999921e-01
5.981109999999999483e-01
6.482280000000000264e-01
6.956830000000000513e-01
7.402779999999999916e-01
7.818310000000000537e-01
8.201720000000000121e-01
8.551429999999999865e-01
8.865990000000000260e-01
9.144130000000000313e-01
9.384679999999999689e-01
9.586679999999999646e-01
9.749280000000000168e-01
9.871820000000000039e-01
9.953790000000000138e-01
9.994859999999999856e-01
9.994859999999999856e-01
9.953790000000000138e-01
9.871820000000000039e-01
9.749280000000000168e-01
9.586679999999999646e-01
9.384679999999999689e-01
9.144130000000000313e-01
8.865990000000000260e-01
8.551429999999999865e-01
8.201720000000000121e-01
7.818310000000000537e-01
7.402779999999999916e-01
6.956830000000000513e-01
6.482280000000000264e-01
5.981109999999999483e-01
5.455349999999999921e-01
4.907179999999999875e-01
4.338839999999999919e-01
3.752670000000000172e-01
3.151079999999999992e-01
2.536550000000000193e-01
1.911589999999999956e-01
1.278769999999999907e-01
6.407000000000000195e-02
0.000000000000000000e+00
-0.000000000000000000e+00
-6.407000000000000195e-02
-1.278769999999999907e-01
-1.911589999999999956e-01
-2.536550000000000193e-01
-3.151079999999999992e-01
-3.752670000000000172e-01
-4.338839999999999919e-01
-4.907179999999999875e-01
-5.455349999999999921e-01
-5.981109999999999483e-01
-6.482280000000000264e-01
-6.956830000000000513e-01
-7.402779999999999916e-01
-7.818310000000000537e-01
-8.201720000000000121e-01
-8.551429999999999865e-01
-8.865990000000000260e-01
-9.144130000000000313e-01
-9.384679999999999689e-01
-9.586679999999999646e-01
-9.749280000000000168e-01
-9.871820000000000039e-01
-9.953790000000000138e-01
-9.994859999999999856e-01
-9.994859999999999856e-01
-9.953790000000000138e-01
-9.871820000000000039e-01
-9.749280000000000168e-01
-9.586679999999999646e-01
-9.384679999999999689e-01
-9.144130000000000313e-01
-8.865990000000000260e-01
-8.551429999999999865e-01
-8.201720000000000121e-01
-7.818310000000000537e-01
-7.402779999999999916e-01
-6.956830000000000513e-01
-6.482280000000000264e-01
-5.981109999999999483e-01
-5.455349999999999921e-01
-4.907179999999999875e-01
-4.338839999999999919e-01
-3.752670000000000172e-01
-3.151079999999999992e-01
-2.536550000000000193e-01
-1.911589999999999956e-01
-1.278769999999999907e-01
-6.407000000000000195e-02
-0.000000000000000000e+00
-0.000000000000000000e+00
-6.407000000000000195e-02
-1.278769999999999907e-01
-1.911589999999999956e-01
-2.536550000000000193e-01
-3.151079999999999992e-01
-3.752670000000000172e-01
-4.338839999999999919e-01
-4.907179999999999875e-01
-5.455349999999999921e-01
-5.981109999999999483e-01
-6.482280000000000264e-01
-6.956830000000000513e-01
-7.402779999999999916e-01
-7.818310000000000537e-01
-8.201720000000000121e-01
-8.551429999999999865e-01
-8.865990000000000260e-01
-9.144130000000000313e-01
-9.384679999999999689e-01
-9.586679999999999646e-01
-9.749280000000000168e-01
-9.871820000000000039e-01
-9.953790000000000138e-01
-9.994859999999999856e-01
-9.994859999999999856e-01
-9.953790000000000138e-01
-9.871820000000000039e-01
-9.749280000000000168e-01
-9.586679999999999646e-01
-9.384679999999999689e-01
-9.144130000000000313e-01
-8.865990000000000260e-01
-8.551429999999999865e-01
-8.201720000000000121e-01
-7.818310000000000537e-01
-7.402779999999999916e-01
-6.956830000000000513e-01
-6.482280000000000264e-01
-5.981109999999999483e-01
-5.455349999999999921e-01
-4.907179999999999875e-01
-4.338839999999999919e-01
-3.752670000000000172e-01
-3.151079999999999992e-01
-2.536550000000000193e-01
-1.911589999999999956e-01
-1.278769999999999907e-01
-6.407000000000000195e-02
-0.000000000000000000e+00
-0.000000000000000000e+00
-6.407000000000000195e-02
-1.278769999999999907e-01
-1.911589999999999956e-01
-2.536550000000000193e-01
-3.151079999999999992e-01
-3.752670000000000172e-01
-4.338839999999999919e-01
-4.907179999999999875e-01
-5.455349999999999921e-01
-5.981109999999999483e-01
-6.482280000000000264e-01
-6.956830000000000513e-01
-7.402779999999999916e-01
-7.818310000000000537e-01
-8.201720000000000121e-01
-8.551429999999999865e-01
-8.865990000000000260e-01
-9.144130000000000313e-01
-9.384679999999999689e-01
-9.586679999999999646e-01
-9.749280000000000168e-01
-9.871820000000000039e-01
-9.953790000000000138e-01
-9.994859999999999856e-01
-9.994859999999999856e-01
-9.953790000000000138e-01
-9.871820000000000039e-01
-9.749280000000000168e-01
-9.586679999999999646e-01
-9.384679999999999689e-01
-9.144130000000000313e-01
-8.865990000000000260e-01
-8.551429999999999865e-01
-8.201720000000000121e-01
-7.818310000000000537e-01
-7.402779999999999916e-01
-6.956830000000000513e-01
-6.482280000000000264e-01
-5.981109999999999483e-01
-5.455349999999999921e-01
-4.907179999999999875e-01
-4.338839999999999919e-01
-3.752670000000000172e-01
-3.151079999999999992e-01
-2.536550000000000193e-01
-1.911589999999999956e-01
-1.278769999999999907e-01
-6.407000000000000195e-02
-0.000000000000000000e+00
-0.000000000000000000e+00
-6.407000000000000195e-02
-1.278769999999999907e-01
-1.911589999999999956e-01
-2.536550000000000193e-01
-3.151079999999999992e-01
-3.752670000000000172e-01
-4.338839999999999919e-01
-4.907179999999999875e-01
-5.455349999999999921e-01
-5.981109999999999483e-01
-6.482280000000000264e-01
-6.956830000000000513e-01
-7.402779999999999916e-01
-7.818310000000000537e-01
-8.201720000000000121e-01
-8.551429999999999865e-01
-8.865990000000000260e-01
-9.144130000000000313e-01
-9.384679999999999689e-01
-9.586679999999999646e-01
-9.749280000000000168e-01
-9.871820000000000039e-01
-9.953790000000000138e-01
-9.994859999999999856e-01
-9.994859999999999856e-01
-9.953790000000000138e-01
-9.871820000000000039e-01
-9.749280000000000168e-01
-9.586679999999999646e-01
-9.384679999999999689e-01
-9.144130000000000313e-01
-8.865990000000000260e-01
-8.551429999999999865e-01
-8.201720000000000121e-01
-7.818310000000000537e-01
-7.402779999999999916e-01
-6.956830000000000513e-01
-6.482280000000000264e-01
-5.981109999999999483e-01
-5.455349999999999921e-01
-4.907179999999999875e-01
-4.338839999999999919e-01
-3.752670000000000172e-01
-3.151079999999999992e-01
-2.536550000000000193e-01
-1.911589999999999956e-01
-1.278769999999999907e-01
-6.407000000000000195e-02
-0.000000000000000000e+00
